10
-10339 -14330 -34285 9671 14543 21071 -22634 -9101 -22751 21489
34261 17576 16834 3903 22152 23204 32743 -4707 -26519 14746
33520 -32104 -29933 -14326 -3012 22915 4910 -32915 10532 -1518
30992 -8324 -34096 16188 25551 15386 19836 -30895 -21013 -31566
-6199 -26327 -7190 25918 24032 7051 4783 32976 -10769 9026
24651 34051 27764 14582 10472 26786 32791 -7790 -3297 -26289
-4873 -30540 -20598 -29399 -3935 -14007 7361 -13436 16099 -22804
18643 20091 -32276 22237 12255 24959 21167 -34248 -31000 23145
-563 20787 -14143 7683 -28688 28162 16738 9461 -11836 -1927
-25969 19430 1417 -12610 25118 16536 -32960 -5263 -5167 -6356
