100
-29611 11482 20656 8389 16631 -24128 10167 8567 31783 -2420 30526 32578 -30486 11085 33444 34143 25449 -32984 -8961 -21950 -32305 11008 11208 34708 -419 19962 -52 10301 -22556 12873 -34437 -742 -16433 -25791 33858 7238 -23818 7069 4440 586 23218 3925 11350 -33078 3862 18787 -16624 -28837 13401 -27888 -27878 -1575 -29541 13040 11824 34347 29416 33154 13764 2763 -26468 -30006 15243 7541 21569 -27044 3968 3979 -23137 5499 -13231 11735 -9502 -22345 29627 -22955 -21669 5876 -31308 -5610 -20575 -13849 -33105 4392 -22323 -12942 -28549 -16473 27836 2812 -12913 -24899 -33243 31117 -7838 1448 26867 8597 -3189 -34390
27661 -32456 758 5735 24942 -8225 12797 -1914 8746 8316 -2499 -14981 -649 -18881 17932 -8429 -4467 13979 -23569 2250 1510 11118 18665 12860 17551 32384 -9476 -17793 12696 8442 24075 -29986 22678 -8946 1643 7117 -2587 4575 29102 28261 -32795 20921 -2482 4862 4553 -14038 -23164 24991 -5842 21724 -1939 -30390 10698 7317 9442 -815 -26201 21467 -10261 3377 25490 239 16911 15567 -20855 -29108 -6436 -16286 26203 13346 3760 17851 -20384 -13022 869 22944 -4120 27150 -31448 -17798 30113 19890 24577 2414 33711 8786 -27790 -23036 2200 26909 -23363 14324 -29201 10379 29414 30793 -12169 -27106 -26644 -3397
34661 33410 5279 31062 -31436 -13671 28587 -33135 34293 28507 -17416 -10291 943 27872 20656 -20319 24008 9787 -32186 12098 -4113 14177 3846 -21086 5129 28276 34353 -33216 -14786 -15734 -27883 -19172 34237 -16850 2660 -19430 -12348 6074 979 15057 16063 -33542 -23729 32510 -15796 -16241 19122 233 -28102 2549 32265 -24285 12885 -1122 -10797 18864 -5035 17755 -34738 -30870 -34269 34559 23915 -21552 31420 13278 -3238 30288 22161 -28375 29044 -14170 2308 -27458 25866 -3246 10597 25215 -4520 -7821 -32825 72 24119 30172 -1522 -10380 23341 981 -3887 16025 19012 32446 7423 17774 5759 -34080 -31303 -14101 22794 23197
-3419 23640 5394 -4776 -22963 -7888 9319 -25242 -7209 -1093 -10373 31044 -11000 -34795 5681 -8909 2363 33036 -28587 2733 -3761 14318 2419 -28375 14691 17871 -16664 13226 20726 -25346 21394 29463 -5426 4257 -5893 26861 26026 -15961 -23675 10866 -27476 -5576 20580 12389 12253 -4855 3184 -17756 29637 -27305 -26603 -31110 -13177 -23952 23300 10155 -30503 772 -13417 -21679 -298 16578 -2378 -6554 -3970 8301 -16850 15811 14799 10484 -34771 22310 28816 -22475 -18071 -16352 -1730 -13379 -20968 24951 -10561 -11888 -10725 9113 -2271 556 -10105 -33467 9951 -155 23755 -27075 975 -28304 21582 -13187 -32737 -22157 28675 -6429
-9694 17264 -34729 -24841 23754 -15954 13682 -11879 -31114 15347 -14194 -10277 25388 -11143 34458 -28000 3009 -21296 26846 1340 -9006 -29039 -34273 -24987 10849 -11306 26368 -11671 -28809 -20115 17682 -7628 14646 1899 -32619 -31740 26541 -9957 -24194 -26280 -27129 -24673 17382 -23382 14700 19968 7510 -25224 10593 19067 -30852 -29604 -18081 -27099 7134 -9045 3388 -23958 -32442 -30456 14507 25848 -13196 17439 20790 17843 -2154 -31201 -19918 -8670 -22080 14526 8028 3579 -20414 -8227 -32883 -31356 -22926 -17686 10852 -26004 -23675 -3211 -7817 -19779 -13276 -11765 -5861 9097 30738 2620 29082 20408 29900 -9824 -6787 -26773 16777 -8912
23476 6171 -31291 -34703 -25238 -23923 -5675 34571 -33408 31972 34700 6349 13315 -9329 2653 -14067 -6280 28780 195 21036 8350 338 4417 -4963 17111 -20528 1984 -6848 -30779 15406 -23735 12233 29178 8578 -11010 13811 26236 28972 29622 24340 -5400 -9475 34729 -26968 -17 13240 -23714 -8502 -33516 -20563 -28078 4735 -28005 -2861 6386 4431 5561 -34220 -4023 -4049 3923 4843 17713 -27596 -22485 -20810 4543 4863 -15546 -13041 7758 30816 30301 -8369 -31567 -10201 11115 -21230 28800 -12327 21017 15593 -32178 5363 27822 -15087 -158 13657 -22597 20505 34158 -29690 34788 -23647 -24342 30073 33695 -350 13014 29508
34908 -8021 2049 18665 16825 -15864 -1758 16171 -28262 -3832 -33976 -19439 -15408 3779 -22619 4382 23180 27759 16711 4555 -16947 15217 22714 29252 30847 4549 -23268 -10136 26319 -11857 -30717 34549 20396 12195 -23556 19748 29682 6599 19338 -15593 1120 19011 -16201 2793 29339 -30000 -9272 10088 6943 -7814 -13479 34717 -30011 32052 -5475 16551 6000 -27437 -1429 2346 -11333 7824 15631 -33815 13912 30831 20351 -26530 31256 -27785 23754 -18626 -21528 -1758 30505 15021 6482 -19620 -11148 20379 -12841 20091 31083 -28370 27386 15513 -14148 11988 19604 -4088 14667 -20992 -2712 28242 -2480 17117 -16683 -14140 20840 -6388
-10590 21613 -14777 -13943 16297 1677 4340 14738 -20651 32832 28318 -24707 1398 -19932 29114 -34114 4024 28100 -21288 2682 -10161 21526 24651 -5752 16873 14526 -26767 -2732 -13216 3206 -32912 -13851 -6356 20693 19205 -9048 17164 -9667 -6071 5673 25872 5611 28049 11787 27311 7914 -13294 15420 -33253 14139 -29941 22356 29480 -8113 11490 -25126 -13265 599 31673 24800 5928 23334 31757 17609 -27822 10061 33641 9435 2493 -30977 30301 -27103 -9207 28434 -32748 -21814 18604 28045 -7898 26540 15551 -6634 -2727 -8432 27314 -42 -30607 -19146 -31260 -13905 -744 2055 -29300 15333 24792 12009 -21620 4408 -12403 -32810
4829 12558 -19876 9966 24852 -16600 -2229 13472 1878 -32127 -6807 33493 -24567 19458 28666 19229 -2990 18296 27455 33205 26785 -2881 -10206 23709 -24925 32537 24776 33406 -21060 -8366 -18929 563 14440 -33639 -10693 -7054 15420 -10536 30662 22704 -29064 21232 -8787 -25636 -17461 -27648 31598 4567 9846 16834 16380 9748 -9455 1680 -1251 29762 -457 34142 -28735 24622 15005 498 24383 -30171 -25107 34070 13148 -33253 14069 25253 -12853 -24533 31696 -9505 18718 -21486 -12467 5466 14297 9198 21392 -28491 22973 -2388 -19839 23430 -17690 23613 -28368 -23075 -28617 34325 -23454 -27787 -14428 2624 20218 9621 31550 23550
5097 -18205 -3287 5814 18987 587 -26493 -30467 34113 24415 23110 -4068 1376 9522 8443 1595 28289 -15465 7517 6950 -2231 -25307 17203 -12603 17755 22909 21191 31069 4352 -19561 -1893 -32848 -23383 15928 -20348 -23614 -10037 -32606 5023 -22708 7165 13199 -19979 20044 34310 -32525 -31232 -5619 -14538 28542 21360 -13746 21445 12657 -7086 32454 -2263 31665 6964 15751 -14763 9823 5424 -18135 -26763 -3974 10427 1266 6724 20416 24605 19833 -30736 -12241 20185 -22420 33423 20271 -22812 24354 -24701 9211 9486 30799 -23843 -32846 -26734 19678 29548 22024 -34704 -23758 -11630 -17705 7286 -28677 22666 30538 28754 10909
-31955 27039 25734 -22609 2710 -6038 -27764 -11470 22690 23542 -27794 28668 -20795 -25758 -26534 33326 -2678 -12990 9831 -34041 -29215 21553 -2521 32415 16223 9750 -15122 20895 -15789 -13410 -24224 -4721 -31829 -19955 -25701 23583 21979 -11608 30806 23207 32455 -12641 -23287 -10162 24307 30124 27864 -8847 22248 4473 -23475 -4093 4588 -31340 -1154 17926 7319 11957 8295 20226 24355 19090 -33560 15089 -33919 -24673 -3503 24378 29235 10 -5894 -34374 -23828 -241 -33836 32373 30955 17482 15289 -10758 -6743 14676 -34637 -4607 11957 -33544 -23262 -28806 28149 29904 28204 28575 5316 -19787 -27770 -16540 4048 -17787 -16423 6825
-31748 7382 -32000 -5032 2598 -3920 24494 29672 -19308 15368 17057 18704 -24262 -6142 -27420 12121 22869 -30340 15350 -17167 -6550 2061 -11949 16576 -34522 745 -1734 16173 -22487 -31063 -23164 -29778 17070 10240 33878 -26279 -26652 -20163 -862 -33279 29023 -11479 -5466 31476 33113 -17782 -30447 -27020 19205 576 15659 -7243 33339 -5272 31348 -4413 20502 -16525 34294 15693 8081 30349 -27851 -25565 17166 -28294 18492 17685 34991 -4636 -1433 -10210 -1982 24295 -26253 -31394 15354 5249 13971 8054 -11339 -4989 4874 -7859 20182 -30929 -20651 -26676 27188 9082 -33577 -25284 16722 -28508 7926 -26222 10211 -4812 -22990 30948
598 -460 28274 -12434 -12154 11534 6821 6012 -9512 -27086 -22610 22788 -11148 -22910 -16732 -3634 -22338 -15329 -24655 13259 13932 28565 -22079 -14545 26391 19419 13299 14897 -20023 -9544 24866 3772 32496 -26992 6373 25848 -5424 22020 3646 -21663 -21408 30318 1475 -9366 -19305 33306 -4630 -8637 18356 25994 25491 -17680 -24381 12986 23195 -17526 -22597 -34899 -29326 -22048 30371 -32876 -13358 1567 -4895 -24510 19920 -30241 3114 11708 -19529 -9758 -16526 328 -8813 -19527 13245 32207 -18544 -12941 10449 -22412 1876 19633 -5743 -29830 -5399 24566 -20319 -34127 -6690 -13084 -3202 19970 -1840 -27472 28908 -28218 32711 1712
24731 2765 32172 -16801 -19849 20777 -826 20363 32718 -32410 -23623 -33098 4026 -19121 -9640 -9086 32226 -16792 -3394 -3383 23247 26703 -2042 5018 4884 27727 24092 -10290 9080 -16196 -2423 -12797 -2531 12261 27797 -20876 24528 8602 -14677 -18618 -19899 14091 -18656 26358 -30432 -20749 -18985 -12834 31459 9128 29384 -23736 33400 4842 23231 13925 18940 26823 -11435 -8175 2164 -11540 7265 30135 -5249 5846 16503 23202 20980 11515 -34835 -15275 33865 -15813 10295 -15427 21462 18653 -24804 24353 11878 16937 -9501 -32643 17422 15457 -17386 -7500 -5563 2006 1918 3613 -6350 19205 -14373 27776 -17119 18858 -32944 -22064
-7566 18145 34372 22602 26535 12563 10077 13043 6227 28410 8173 -29573 -33789 -25997 -14498 -24453 -17153 -11731 -30680 -25846 29333 32518 -27774 -8523 5240 -18828 22647 -12332 8047 -26588 16768 8801 -32418 -9531 -30045 -11421 8837 3141 17515 29687 24932 14379 -31257 -24797 -15178 -1920 23260 3960 18398 -28128 34725 -4358 -29233 -8775 -33724 -17691 3718 11031 4186 984 -4941 11778 -8710 3135 -5742 6526 -758 -18975 32604 14963 12840 -20356 22274 -14145 -12978 24437 1571 23615 -27071 19814 20812 1548 -8241 -4603 3199 10841 5505 15625 -33514 -4404 -19265 -22904 -24191 -3151 -29472 -33919 14756 -18640 -32371 16742
9694 10885 25104 23938 23 26347 -15672 6030 -34154 -23163 18556 -15779 20773 -23598 -880 -14782 1071 19243 26350 -20664 -33504 -27236 -7743 -17908 -30612 17713 -23126 -29431 6323 -17168 13690 -18840 12283 5341 -34844 -2449 6247 6506 8938 -23888 17555 7552 -16547 11538 23704 -18876 -27420 -25632 -12684 -976 -2365 9021 -32614 1958 -3554 -25142 -12984 14292 -6674 -26054 -22489 -23751 -4876 -19354 34687 24196 -16650 8191 -28128 -4687 12573 -9699 -4163 12577 -541 -33291 -15833 8895 34141 -10208 -34803 18029 -3358 -2299 24948 24372 -5246 22762 3737 20902 24282 -12354 -4473 17362 26871 -24127 1427 -30910 -30482 -20638
5914 8629 -17406 13757 -22087 25948 -11947 -21317 -32476 25670 -27335 11159 -4108 -16956 -6175 -9573 7284 -1423 10542 3941 33887 28049 -33703 17932 -7333 18273 -2968 28933 -404 26800 6433 34435 8499 24829 -9354 -13015 28915 -828 -1961 9611 -30091 30637 -5343 12737 29577 14393 22930 10114 9685 32938 -29899 5956 -29830 31174 18099 -30373 933 -11107 -6510 -921 19787 18227 -16120 2178 -22656 16880 -637 25198 26252 31674 -7560 -5779 23847 -22185 -32223 25846 -3777 1870 19728 -25749 32568 -15487 -3167 22740 -30921 25128 10546 6446 14654 -28545 -32609 -27141 -28380 -11922 7650 -24812 30884 30307 -32616 -33002
-3311 -16926 1661 6175 -1039 -18746 -22036 24735 -28198 -15692 28253 593 -32731 -20909 14471 11164 -21548 -16916 -7953 -21271 34588 -23382 -18181 -4166 12270 -28057 17570 4073 22769 21330 10871 -1366 21585 9897 -23810 1785 5489 6592 -8482 -10445 -18082 5207 -2164 -25968 -30260 -31695 -8495 27046 -1851 -28353 34846 -17625 5516 -24132 -16488 1927 -15367 26477 3321 13804 400 4776 27305 29886 12939 6288 21064 25885 19015 28745 34406 17058 23900 -34809 8289 -12077 -30952 25704 -4613 -9334 25757 -21213 17943 -2532 -1087 31480 6837 23892 4822 -21888 16910 8916 30699 184 16074 32420 -28389 26545 -13777 137
-12884 -9450 23362 1818 -30854 29933 -31012 20832 -11796 -10712 22800 18872 -31457 27355 -27894 21151 -17581 -20220 7272 32550 -29003 -26206 -24011 -17220 14160 11094 -6588 -33206 -31950 7944 25240 21089 13412 -493 3282 -22727 -12653 -8229 24575 -774 -32807 25368 31967 22246 24820 -26046 -20508 -29673 20467 -27859 28251 20838 -16591 9071 -13986 34394 -3152 -27084 -7725 30549 9269 -7121 -8286 -28013 16262 1241 328 34892 -34080 13660 19101 15185 -7592 14645 27146 3658 2015 7156 -16449 4665 2803 2339 14296 32488 4840 -27311 5342 -24793 -25990 -16743 -6906 -8837 -20188 -23915 -30796 7127 -11453 16973 -3140 174
11474 -4474 -7357 30673 -22413 23985 12110 -23392 -31975 -18044 32011 32365 -10456 -23407 -6489 -28935 -3614 -32398 31392 -15187 -14218 -21055 -254 19805 12703 25058 -28707 -29609 -27155 19685 -17693 -20572 2710 8306 -17215 6152 -13827 -3994 -12762 -27638 -17419 31745 12481 -24488 23047 -21540 5062 19021 16960 -12874 -27880 25419 -33503 11013 209 21674 22124 32601 -13516 26102 33724 27801 -18787 -33383 25586 -7918 1972 -25562 -28936 30863 10025 9809 14516 3685 -14882 -29639 -11221 31535 30993 -11892 18125 -699 -10217 -7575 -29067 6274 8538 5680 25003 18991 -34179 11132 33545 -8642 21054 -9007 4932 2439 -26822 -23475
1531 -27861 23264 14678 -32407 -20631 -19623 14946 11950 12477 -11351 29490 -6704 -6666 -22699 31980 -6051 1267 -24572 29636 3130 -23736 -10271 17843 -16306 -10104 25264 -27490 1097 8036 32669 23576 26509 4266 14714 17845 -29605 -428 6182 -20471 20617 -16035 -7651 3441 -31117 30202 -6021 32527 31628 29916 32912 -15627 -10339 -17524 -34935 12804 3068 6445 1569 -11674 -14196 3033 14399 14636 14053 -1725 -28714 -6987 29974 32445 -621 26286 -3488 11560 -29513 12339 -13854 -1102 -11631 5684 13139 -23552 24719 -10615 -1067 12807 24579 29595 21973 9835 8736 27825 -33943 23629 -10026 -11097 20112 -21405 16543 28681
32184 -2776 18912 -21312 29386 -12912 29706 -411 23899 -10790 -13973 -32962 13051 1579 22437 -14626 -13020 17694 -23255 -20194 991 28850 14686 9156 34490 10711 -33364 8063 25539 -21143 1111 25434 23558 -33207 -24292 380 -23178 12161 -2189 8784 -31464 -12819 30031 15245 28829 -26244 -30898 -17207 -33177 -10280 -5974 31790 -8518 25659 -22917 2925 -5363 12058 813 -20342 17550 29569 9646 -10399 25106 26796 -18327 -33751 2339 12486 14791 32453 -16409 26772 -2633 -30271 -29873 -11381 18394 -1750 996 19845 -23564 21292 26503 23931 -22744 -20191 -30842 4792 5427 -23407 21301 3852 -2899 -33194 11965 21664 33320 27297
-876 -31552 2149 9733 6113 21797 6871 32778 -31129 -19327 -2313 10399 -6446 -32748 7098 13290 9309 627 11499 -17678 -19729 -29732 16173 1765 22494 17286 32558 -2812 346 -12217 26832 -20588 -31825 -19200 6741 -32956 -27524 22051 33958 30076 1456 14634 -28369 -13655 -12847 4555 22058 -14913 30402 -7295 785 -15352 -4300 -27565 -17540 -6560 -5487 8394 27943 3575 2216 -11059 28344 -10961 -4125 14423 -4202 -2938 -8717 -6306 22086 -27637 7577 -22821 -15255 33337 -10479 1637 -2449 30614 4750 -19880 27426 -16972 -12319 20501 -9472 -9018 8600 21667 -31887 4627 -14224 -5031 8478 11202 -7400 9198 -25959 -23069
-18617 -10615 -17458 -3962 28062 -13491 26681 13744 7832 -32077 -13877 -8699 33205 8304 30773 -11375 -22013 -18705 -16366 26970 5906 1817 -23390 -22877 -24579 1732 22267 6586 -21743 -23845 -21081 -19150 2167 31603 9603 4 -31092 12258 32736 -1993 -5363 6490 25498 1866 -29036 19281 15372 -15249 -16563 7471 -8233 -18687 29107 33917 -1280 21494 34757 -29534 -7987 -22733 -12375 -11398 1721 6847 -21645 -20579 16412 -15116 1834 -5088 2913 -9642 22629 28935 5333 -1658 8091 34612 11932 23553 16944 31850 8152 -29411 1959 -1242 -19747 33967 34374 -17388 -7805 27476 29295 -31042 -16128 -8854 21559 -17828 -1542 5965
-21191 -3389 -31628 17767 -4199 -26259 -25564 -29041 16374 -34644 27379 13120 -11885 33541 -34731 -28873 15497 -24622 -8239 4276 32461 28787 32053 -27434 -33870 -15620 33052 34884 6990 20145 -30352 -1951 1952 8855 -22750 -23839 14844 24026 -18549 -27017 -10050 77 -19513 -10006 -21473 22772 -12512 10530 21932 29949 -14114 24935 -27172 -6723 -30249 -261 25790 -16449 32715 -16581 3666 -34292 28944 32461 20734 -8333 31061 33001 -13545 -32268 -14980 -33646 -15881 -4419 -34158 -14898 4637 23967 -30258 -33267 -6703 26929 20559 -24616 17002 -20394 14680 16348 29375 26612 -1486 -6807 -19379 28953 -6413 -24878 -24845 -30180 1039 15125
-32261 -32594 -435 30968 28573 700 -24420 6012 20692 -1106 12060 -23881 4582 -12075 -25893 15696 -18231 18888 -21061 25427 12615 -30348 -25097 -523 26275 -16120 4065 -28785 -4717 -1740 20647 -32584 -3027 -15931 7195 -1323 2727 -15581 -10621 -27091 4593 -7624 18134 18728 -32237 9522 -31956 28541 29208 30823 22797 -8438 14707 -19254 2181 31434 1070 25392 -13191 25532 22375 -13200 -10840 -25943 -19133 -22010 7868 20476 -24753 23830 1591 -16496 -28468 26884 30723 -30071 -27684 8951 -25966 -233 8752 28054 12164 20453 -18400 28543 -1073 8194 5585 -31222 20842 -2117 14462 -9903 -842 -571 7115 34001 -22844 -18174
-18477 -33688 -8524 33343 7027 30382 27287 -2167 -18342 -3594 25029 -3398 -3909 10753 14808 -12056 -13069 -18999 -13033 -6926 6270 28195 15584 -24184 9154 6665 15854 30400 29973 -21226 31006 -27866 -8870 21480 20183 -25877 -3574 9665 13187 -12110 -31201 22111 27243 11555 17269 31282 3543 701 -14715 -4306 17010 32483 -23925 -10418 32384 7922 8388 -27320 20389 -13527 -22253 -32238 26017 -8716 8537 -31563 -20978 34070 3479 -6154 8394 -2498 -19804 -31878 -17350 16839 -15360 -7781 17407 24767 19156 -11900 -5468 -12658 -13376 -34895 -4370 -29546 -9268 -11756 -516 -15161 33011 5929 -5662 -2641 -24078 5371 14529 32833
16902 -2715 4562 8597 -16375 -19080 34160 24817 32300 -2847 10793 -9611 -25543 -9053 -22948 -12650 -12086 -21086 -18133 22754 18831 -23135 -31955 -1749 24072 20275 20694 -20598 -3540 4905 13239 102 12225 30464 -21589 -19657 28943 26697 -16373 -30688 7640 33967 7853 -19510 -25918 10968 34675 26729 388 11147 -18313 7595 -11662 -33053 2581 31656 -20899 14026 -17535 24869 -11665 10430 31478 -24619 -18102 11295 -34375 8210 31259 1612 30422 -11093 -34005 28709 23145 -19058 -13217 -3367 23660 26925 -13959 -18614 24437 -2969 23680 18505 -33280 28053 27165 13134 34804 -18241 -26145 7259 9751 25358 30927 19564 -4726 -30479
12149 31148 933 7430 -25358 30673 11819 -14963 -24311 5141 23439 -2775 -2927 32259 -33584 19087 -26210 -7520 -20518 11083 23026 -11830 -8778 -32659 -7354 7863 -23239 14472 2301 27250 -14374 17282 -5823 22449 34489 33962 -7378 -13475 10841 -1802 18679 30339 26076 -11114 20213 13837 1402 -13228 -29167 28734 -33896 91 -14356 5976 25155 1239 -6959 -23614 -24629 -370 20102 32746 26999 26149 7946 33721 33012 -17594 27396 23066 -30778 -31862 -2746 4041 -10748 -20772 32563 33461 -28981 -26962 -21634 -12680 -8707 1329 -7884 24398 27257 31740 -2915 15075 -12599 33919 34563 19130 -10280 -12478 17051 -15301 5137 -23682
28452 23765 -15195 22744 -3467 -3186 10760 -11444 19595 -3274 -16397 30858 -6854 9478 -15558 -34667 13798 34563 32826 30000 23266 24756 26204 -8523 -7110 11127 33620 -7711 34029 -7032 -21281 2964 12591 -6679 8849 -20319 31335 -24049 18200 -16822 -11962 -17798 34269 34273 -10637 -10701 31827 -9414 16240 17831 -3160 21901 1424 -25383 18318 11406 -2709 -7838 -17708 24782 1671 -25697 -30213 -28388 10576 31376 5672 -23063 6399 1772 13304 15692 16886 10402 31398 -9054 -23978 -5688 -24187 17015 -12724 -26327 -25488 -21660 2924 -15578 -19028 -11895 11419 -16194 -18533 109 -30070 5319 -16080 -21393 -14715 16208 -16438 9589
10047 924 28376 32784 -13980 20060 20099 -16250 125 -21934 13322 -14195 -5072 5833 29774 22595 -1753 -26967 3102 3510 -6827 7723 -26753 32758 12106 28053 7112 -11496 -34131 -21284 31616 -10587 27497 -31376 -22234 5422 6296 -13860 5070 -3253 -26605 21121 -19895 -1194 16775 -27381 -18661 -3439 4212 27016 -17276 -27986 6148 23444 -32181 -30040 -8763 -73 1223 -4864 4600 27990 24865 -15783 -30522 -7698 -14430 -22586 -2576 -12300 9570 -14327 762 -12573 25829 5166 -8006 -4563 1384 -11976 -27001 -24589 23387 -3477 32815 -21662 -32215 19556 16522 -19470 -12460 18517 23464 25511 -20724 224 -32210 -7582 22012 -7616
-3915 28202 14859 8414 -2881 1150 17738 19338 15777 -12852 -11436 -10432 -26302 -26176 11417 -34306 29408 -4794 29696 -32389 -23115 22297 24241 12677 -2679 -11361 9872 -12531 13843 26797 -20113 23872 15802 -13224 2111 6791 18579 20059 29506 -20287 34808 385 -19648 20159 17423 -2178 24115 22336 -1929 6829 -7529 3619 -30355 13374 -29161 2614 -520 13538 19209 8649 -27439 -34227 -286 -13997 -24450 2459 -18934 21456 29746 31068 24355 22658 11672 -22351 5026 34815 -23621 -12841 25994 -29612 8691 -34969 3105 -29910 2587 6297 17163 -16333 -33718 -13067 -32021 -27862 -31808 19622 5505 -729 -7963 16761 30934 -21870
-17588 -11319 -18610 -784 33272 -20971 -32136 -16885 -12674 27328 -4302 -8252 -3710 -7441 -6058 -4430 -21885 -25234 -808 9828 21263 -24357 -21529 -25755 -17582 -27833 -6466 -14094 20522 -23807 3005 21228 16577 -2447 6298 9812 26681 32957 25762 4887 -20301 18581 -693 -27187 -14227 -13661 19092 2968 20636 16524 12454 -6927 29814 13612 28684 -5224 10759 -4944 22243 34138 -24358 -2047 -17189 34796 -18329 -2618 26105 12525 2516 -19153 -5548 23439 -12949 -22963 -3249 -12980 -16183 -25908 -26945 -7985 -8192 -24459 2473 7352 5789 -25062 15659 -23104 27588 293 20264 -19438 -10818 -26316 31197 -22258 -23042 -20251 16520 15812
-17642 17179 14681 -26889 -1916 17723 -27522 30773 -30170 27371 30069 572 19602 -20210 -23649 12441 22946 -3712 -8489 -30525 3141 11970 22551 -16896 -16544 -9549 19883 -32414 26657 17729 32884 1531 -4648 19436 12069 33630 7497 -16511 13262 -33816 21312 22650 -26428 -10656 -23682 -30217 20733 18621 7566 -24370 25570 1523 -9009 -24850 19493 -31215 23980 -22441 -31989 -33640 -8672 -34711 -9185 -27722 27071 1351 15029 32067 -6277 10356 24937 -14716 34522 18065 15133 1881 6001 -7128 27433 -33498 7945 6709 -12068 25557 21734 -11747 28069 -5430 -10740 23561 -14668 26223 8309 -32570 -30849 -21235 -8346 26454 -29308 30329
-4999 23297 31059 1047 -9290 25787 -7105 17337 -2270 23769 20899 -18207 22533 10559 -18765 -5070 32160 25227 7673 -22103 -31464 -24603 28218 -23256 18569 -6971 -9633 -21988 -30094 32183 2185 -30543 -9753 -26445 29273 25583 -30298 -22517 -25375 5362 -34744 -9037 11773 -29521 -4787 -4948 33560 29037 6727 -23539 -22972 18812 18084 19125 32907 -18615 11221 19476 -10862 -3184 21123 26910 14496 32716 -11332 -4197 26058 3043 585 -26817 26878 -15065 22665 -3102 -18816 -11155 26854 15259 -3992 -19169 -23282 -5285 -18939 6883 -8244 -11535 -19309 21741 3670 4692 31693 -24071 17465 28994 -18673 -11071 8968 -7677 -3976 -5542
-26669 -5092 -26589 11466 -32205 2341 25342 -8072 -11728 581 29168 15140 23149 -19454 21189 -18276 -12334 28338 26889 7825 12025 168 11420 -7739 24607 -27353 -27487 4352 32943 -22301 -30738 13947 4214 -16078 26493 2452 -2212 20069 15863 34523 -1275 20552 -10966 28981 -16012 -27967 -27083 -6815 -23491 30125 18796 26570 6276 -15961 23554 21871 -30987 3268 25567 -3847 -8332 -16959 32019 -18017 -31092 5465 32194 -2446 -23561 -18928 -30086 -18885 -16386 29425 -11667 30890 -12247 -19423 9441 19666 -17340 -21953 -18533 -29893 -923 -470 8707 -6100 1816 786 -15342 -23990 8386 -33824 -15611 -5980 5580 25912 -1481 23342
-13145 16728 1124 13378 -15062 12517 5151 -13663 -10911 24408 11402 -5573 6581 26277 27345 -21830 -26628 -20001 19221 21060 18655 22273 -2653 -18007 -27955 1032 -14206 -9827 28393 -20100 25904 -28319 -2786 13496 -34539 -19490 13392 -23914 15647 6183 26701 -15430 7972 21096 -30862 -10030 5898 23101 6050 13587 -7100 27488 -30257 15175 1680 -29923 -11385 -34482 2992 922 19189 33151 3745 27438 -14126 -25111 -17443 -34740 27500 21380 14140 -31100 7989 -22278 -20887 11758 25930 -34496 -3529 8465 16917 -18418 -29671 -17316 -2878 -13025 2017 32759 -5397 -10338 34448 15971 7616 34524 -2372 -8112 2601 -27487 -25516 8027
-7822 -29242 -20892 -1726 -17765 -25291 28671 23139 -321 -15585 -6026 -19913 -8266 12061 21034 -13751 -25207 -29120 33844 21223 2124 10213 -30925 -31196 27258 -25884 5343 29956 18208 -19682 -30701 -12267 28708 -20919 18540 -14636 -2686 18853 -21781 7519 -2004 -20126 -28276 28714 -27588 -13689 -5228 -11846 -14709 -16647 1171 14528 -22317 -5106 18486 -15620 9106 -6009 29934 -6448 21753 23067 32762 9729 8467 -13744 10664 26331 3293 -11068 -23427 -13047 15407 19184 -2387 -1786 -18670 28026 -339 9594 -21217 -9215 -24019 21261 -24453 15981 -4472 32153 -20493 -16234 -20539 -20167 6998 14100 -17663 -18685 6809 -30933 24272 23163
-9476 -31189 9836 11967 16702 27077 10533 25807 -30114 15223 -13274 -3089 18089 -32135 -8097 11366 7368 2341 16821 -3620 19341 -32953 -24707 32663 -23150 6608 -28724 -16837 -20769 -10553 24607 16399 -34721 13485 -32988 10468 -13077 -4 23598 -19168 -29116 31290 -1861 13757 13925 10742 -28309 33832 -4793 -25307 22130 -32406 -3447 -7858 14425 -28246 4941 -24063 12156 -27809 -31922 16999 -33270 -3407 15214 26339 -28488 -34763 -33763 -23036 -32825 21343 6516 -25029 -16996 -1494 -25729 19536 17482 10111 -24722 -17300 -34449 5233 2119 22985 32104 -8508 25381 11230 8515 -25827 17927 6016 -14260 6398 32378 -14222 -22967 -2773
31913 -3778 34802 -16172 -33349 -12113 9368 6800 28157 3124 -28156 34669 29566 8905 -6292 4811 -6473 -11518 4253 -12374 26000 4289 -33118 -14765 4042 -23880 -12753 14015 33912 12268 1035 -8996 26499 19294 29089 28639 15824 -17906 31023 -17520 33358 -25591 5905 15660 11398 -11112 -22084 32829 27650 -25647 5377 -29931 16157 31558 12424 5971 252 -10480 9733 -5554 30386 34892 -8030 -23824 26905 -2215 -34094 8622 7421 14141 -24416 30854 423 -25261 15714 -29922 16851 -17499 29877 28140 2052 -18141 -24190 10655 -18915 -32387 -31808 -25829 -23117 1349 27669 -17702 2541 8809 -27 -7539 12398 -4428 -19376 -29667
32326 9675 33400 -11371 -17543 -14449 -3288 12465 30204 31786 27457 -10384 -4021 22911 25663 12232 33590 -32714 -33729 -14448 9029 15868 -6350 -28206 31673 -11673 7769 19075 13428 6150 -24654 17483 -9741 -32110 -9943 -20776 8532 2778 -20071 -9961 6569 33883 -24747 -11714 16433 -687 -19746 -8133 -6351 20310 30825 15422 -33456 -6467 21480 1231 5878 -27158 6720 -19141 17269 32834 11097 21883 24064 -1210 -27058 3351 2000 15618 -31834 -25353 -8802 26753 -17542 5468 14870 2343 -3971 8328 26266 925 20310 30931 22750 -34018 11373 -20702 15441 34635 4194 -27153 12049 -30528 19369 -19332 31402 4593 -25624 -22275
-8827 7498 33103 -16440 -28345 -22881 -18409 -8486 -27573 18037 17357 -16186 10695 15052 28413 -7982 -10066 -21182 -21815 9042 -11125 8149 -12650 26159 19117 -3767 -7877 -31073 7525 -34118 5392 7992 32105 -9584 18943 3155 17990 -30426 -23968 -12141 32305 16336 24363 6088 -24672 14033 -23552 -30223 -19674 -12116 16649 -15012 16162 -10035 22002 20548 13675 -24229 -34018 28708 19362 -29443 -10863 29587 -5627 -13271 12619 18597 -33426 32359 15818 321 -1668 -15450 30592 33366 19222 32717 34272 -22861 -1447 -23243 -1519 -8159 -29305 -6069 -34536 -31289 11504 -8174 -2850 -14630 23350 23017 27138 2877 30890 -29272 30842 511
25533 -12174 34133 -29217 -4094 21189 7945 31941 18164 33189 -23114 -16266 30593 20007 14988 27294 -1670 31601 18263 -12056 -6105 -26019 -19333 23234 -20870 2648 8629 -24906 -13782 -32155 -4836 -24482 -20608 27131 17870 -29026 1553 34844 21949 20955 18825 26438 14059 -23398 13581 -14960 6593 -29029 -7255 -7801 -10882 32114 -2550 33000 19894 32559 10065 5112 -5010 -33527 -11042 -18504 1832 -28201 19394 29013 -11986 25188 -6154 16011 -27840 -16706 -10920 -33452 17243 -3927 -23630 -8968 -24224 -22605 -881 8725 26532 -24168 -33754 26896 8256 21393 -20185 5179 -3785 7887 -2796 -31169 2047 -25835 -12242 -33551 -31927 -23804
-16592 17813 19110 30134 -28539 19199 11201 5301 31029 18616 32698 -19813 21172 11126 -2206 -11336 21024 11777 -34622 -669 24535 20731 -14563 3835 -17132 -8856 18286 30718 31792 1177 4358 -8775 -14198 13893 -16478 18068 -19144 31689 -30372 22310 28213 19406 -25898 29872 -9663 9013 -25747 17587 23634 32095 6021 4855 23749 -30405 3154 -32612 2440 -5134 -16470 -27251 30149 -6415 827 -2371 -15227 -7764 24087 25407 19398 -30407 18785 17278 -27200 -28553 -17993 32772 33909 -12310 28265 3281 872 -5686 25343 27224 19640 -7475 -33799 12187 31727 10556 8952 -11375 24216 -31943 22752 17535 -26018 23675 15983 -15702
-28272 -25920 -30713 33550 32555 20086 28079 -18659 -7277 -1398 -10482 -2098 24753 9470 -11685 -30932 32010 -3873 22213 25729 -13356 13646 -2668 -14444 -26120 -22204 -17974 30783 18438 -16750 -14968 18974 11579 -24359 25235 -13340 4850 9059 -21929 33097 5045 2042 24430 16884 -11910 29187 -18456 16245 10282 -1977 3062 -5240 -3898 -3731 -33239 28122 2300 -16291 -9054 -26167 5556 20760 34955 14205 15862 -10890 -9212 -1708 13076 2032 -12940 -2946 -7075 21493 -22197 29223 33393 -26040 34300 -30434 13392 -34342 21566 -2962 15151 -16473 -8255 21475 9355 -486 -9332 -32032 22198 14280 -17108 14259 -23455 -24109 785 19101
-12330 34212 -3740 23983 6347 29635 19133 -15196 27680 11061 -19464 32736 -26737 -10218 -29271 -5372 32290 -11295 -22802 -22294 -28272 28133 25009 10107 -912 -17615 27904 -11738 -6411 1379 26053 -97 13480 -2874 23401 -13871 -31494 -15831 -8674 -28473 -31997 -20766 21273 -10686 -26055 28593 9661 13142 13660 14205 -4912 23746 20106 -8917 -18353 27675 -5955 20043 599 -962 18216 21390 -16227 1802 -23312 18137 4583 -4564 -7616 32744 6281 31111 -12826 -20332 34218 5485 -10047 898 2952 3810 -1079 -6603 15390 27290 18844 -32847 32785 -5248 800 25837 -34767 -24640 15361 9129 10393 -11897 -19347 21093 -29089 18184
-22872 19280 -1946 16963 -32485 -22926 10780 25459 -20236 -26375 -14651 19019 -14489 31157 -464 -23864 -575 30640 11216 12019 13484 -3184 -9522 27950 -29500 -3003 17047 10796 29061 6075 20342 14195 13970 19208 9688 -10977 5811 -6634 21842 -20827 8492 -13984 -9639 20877 -4146 6947 23986 1539 2091 32760 30338 25238 -4900 -28980 -25807 -11888 4685 -33059 29082 23169 16023 8450 -685 -22266 21806 -31422 20540 -30487 3838 -16775 -18057 13529 34194 -20669 -11331 -8683 16816 -27821 -3426 17998 26490 12313 -237 31122 -34935 21181 25560 25663 -15862 31221 24610 34137 26431 -16673 -16128 -9706 -9686 20585 -3016 19177
-28224 10005 17418 18728 -33451 30152 -10251 26630 -24150 15250 -27481 30318 -27661 -13666 1190 -12134 -28311 -14266 32101 -2351 3794 -30139 -4400 32404 1030 18560 34008 -11303 32749 32973 21354 -34286 -24482 34633 -29562 -20323 21113 -14737 69 -10144 32485 11558 11515 -29065 -21828 12533 -8800 -34622 -15366 -16471 17257 -15217 -20620 27733 14720 -32315 5038 18268 30148 -9719 12026 -20371 -5333 16610 9972 13217 -30361 -30673 -26698 -69 -9515 518 -10806 -28274 -21571 -21196 -32960 -8703 29587 -34792 18164 -22996 -1290 22516 -25380 22163 825 17214 -19179 29353 22428 2161 19570 -26792 -16830 12134 9107 12930 34737 10837
-13133 -28497 13150 -13521 28837 -29002 203 6217 6458 29200 -5349 -7195 16399 -26952 32775 -13062 2817 3805 31914 12046 1341 1203 -32300 -5757 31978 -22229 30697 -31132 25723 12623 -25517 28232 -14742 -6767 30894 -7083 -4618 34710 -26349 29573 25319 15446 -7064 381 -24116 -23579 4939 27817 33595 14767 -15259 -21338 31967 30909 -12280 34451 2282 7307 18646 31666 -3581 31692 8466 -12246 19268 -15404 -19317 822 1036 27184 25339 -25890 -11717 9865 1797 -10684 22703 -17357 -12669 -4880 31437 -11602 -13602 10455 -20842 15241 23916 -27358 -23999 -30532 19765 25488 -13006 6739 -33119 -26542 4511 -20805 4975 1845
17530 -19394 14271 33766 -12781 13210 -28270 -18876 27596 -31765 -2617 24791 33738 -33885 16074 -12105 -1150 14644 18101 -8907 -24085 1208 6340 -26092 7887 6539 -22554 32485 -17550 -28945 -34292 -17136 -16753 -34075 -1466 -20430 15176 31124 13679 34421 -30027 28980 20375 -19803 -16052 30802 10893 -10526 -30345 -26220 -5575 32059 -3108 -22379 -26225 -29359 21451 33650 6839 20023 17958 15551 -33509 30576 -17528 21887 5681 -15764 -4095 -22118 18528 22075 -11030 -11072 12048 21919 4003 8329 31440 -23387 -32294 450 -936 30316 -1658 -23329 -4202 -22581 -7091 -31116 10636 19174 34422 20100 23570 -14473 29410 20154 20756 -2953
5691 -27012 8969 -7190 -143 2731 15790 34381 -24387 9575 5823 22012 -11021 12222 3283 -10564 2419 32170 18661 -20597 -28320 -18420 3885 -34525 -17139 27116 31512 -26582 -29196 -25155 28244 29061 7335 11041 12028 -12831 -1390 -23036 -18503 30253 -9023 -9653 -18971 -14718 20949 -24310 8690 -6789 24092 11694 -3986 -11567 -23108 -3464 -16273 12395 4797 26597 4579 -29790 21070 -7057 28042 9376 -33056 20893 20100 -6417 8934 -6301 29249 32196 -3972 -8902 26344 -20801 27490 -10692 -16915 -33799 -6903 -2128 -18775 3600 -20537 26365 18797 -21729 20092 -26141 8305 -21513 3651 -33341 -3120 -13044 -5742 9545 2718 -3106
-23652 -5747 -12311 -13826 16789 11791 17019 -823 -28092 18050 33822 26684 28199 3341 34604 -32665 -34429 2146 -32609 -34074 15299 -27404 3778 -19231 -31606 25754 -31309 962 18157 -4060 18637 -21336 9542 23093 -26225 -27415 -25230 -15735 -31021 30989 -11426 -1004 22166 -8242 8339 -14492 -24355 11754 -25804 -34549 -17486 14664 -21771 27320 -14652 -12120 -14223 -26714 -33985 27982 6045 -4191 -5058 14457 -2802 17062 -5594 29218 21764 -24195 -22541 1472 27807 -1386 -21689 -23783 30010 19480 7629 -23459 3091 -27254 26923 18330 -6601 -19067 -31307 30149 21796 -26205 -3437 9106 -13184 -15528 -15582 14515 -8021 22630 3659 17378
12555 -14887 2592 -8001 23237 -11757 31316 -34835 -16406 -31696 -27072 29366 12031 -129 30207 4247 20622 -20601 -3671 21299 17740 26907 28174 -4107 -12340 33132 -25482 15292 -8338 -22530 -12899 -17559 20777 8731 4050 -10172 19959 -8695 -11275 -16818 16885 -25032 19423 -25908 -6796 2222 -13010 6108 -18727 -26063 28631 -28787 -26390 13041 -2165 -27214 -1167 34675 -19888 1196 9523 -22587 30062 11971 25004 34458 -13642 -12702 -6496 21606 33442 -6771 -4948 -11681 -15066 19425 -18318 19844 26445 -18682 29227 7022 5724 -13254 15929 13049 20676 5202 16082 5195 -16017 -4195 33651 -18271 -31356 21989 -9008 -27364 -21348 -25931
-24476 -7338 -3509 -1523 4856 -13451 -17652 32556 24189 10458 -6294 3557 18932 27033 -25434 -4055 -11743 23318 691 -31548 24059 -28733 -10711 6019 16807 -18175 10105 -33514 34705 30875 -6911 20075 27272 11030 14998 -11330 25221 -17685 -22933 -34236 23949 -34132 -10754 28867 27484 13708 -17105 14120 -16911 28937 13913 7102 5684 32952 11189 27454 -16121 -8338 17237 -22004 6852 -24240 30640 18675 24633 -2522 24045 -9156 13488 -26065 8641 26836 -21869 -14250 22183 17106 -26330 -471 -30194 33610 12453 -5255 7883 -27750 29230 16072 5857 -19469 15603 -360 22505 -6045 -31347 -11282 7217 5519 -12716 1659 -5766 17117
1048 -23689 -14232 -6177 4117 -20759 9353 -8297 23035 17638 403 19495 13303 -2024 -11026 31629 18745 13150 20552 -29952 18468 -32321 -30230 -20694 27117 32735 1686 -24492 3837 -29217 -27246 -22519 -12555 -24910 28659 23222 7119 -27373 -28048 -5252 17722 25741 -5687 -26593 -28248 -8802 18888 -26448 -7730 -27469 -25153 27061 3975 -5431 16776 -17151 14621 -9671 24722 19330 32055 21858 -14090 22630 -19402 -7442 -12206 -9868 -17303 -17806 -30885 844 -598 -19178 22749 -7472 -807 -28799 25113 32495 9285 -5635 -10463 33283 31754 13355 -16136 25812 -31736 -27757 16210 -33088 -24580 -24672 -16331 18773 11973 30058 14563 -30996
-27178 -18002 -31539 30223 -13279 32760 7217 -20362 -2709 18474 33698 -30621 27316 -13586 -26842 2724 17378 28407 -13429 11531 -3148 14857 -32796 -31088 12214 18840 12547 14997 -32719 6000 -27350 -21832 -4449 -18046 -9631 -27732 -32620 -1144 34552 -4478 -30674 13071 -823 23321 370 15564 -14046 29469 383 30711 32485 -33631 34709 -11514 -32068 7969 21383 -23146 -32638 17841 31233 916 14491 -9212 -1511 21753 -8771 15553 29813 -18599 -29255 20431 26658 31555 25637 -28799 -2183 14187 -34798 -27580 -25277 -26371 31224 16332 -32803 17982 26100 4118 21340 -2626 -3666 -24934 -25837 12003 7841 -32141 33499 -20895 19972 -9920
10476 29052 29934 19303 -25016 -23177 32363 31933 -33408 2492 8946 17367 -14439 -8521 -12026 22504 -24974 16291 7090 -31466 -19666 19278 15257 -26016 -27915 -28085 -28314 -19054 7862 8096 34407 22514 -736 -11639 32095 -24389 -4438 -20383 -15529 -20321 -15567 -6550 -33622 -31963 -9235 15916 27668 -17519 23312 6706 10839 -18711 20694 -21429 -13220 -10712 -30357 16423 30862 27722 -26952 2088 18608 6742 3269 -3573 32452 13485 -16127 -9652 -23630 -14798 24494 31885 -24254 -361 6624 -24586 19491 21904 18922 -11224 34485 -24637 26055 -9769 27658 -5849 29834 -24239 9635 -24473 -24579 -31623 -12970 32103 -5696 18306 -31955 649
1133 20050 12903 -8447 -20547 -1236 -20774 21826 21773 28595 -11517 12681 -23617 -8558 33373 13256 32973 32902 18513 12399 15068 30317 -24337 -34026 -28077 4560 -33100 -14340 19914 -25216 12301 30050 -405 4033 30710 -14486 -23129 -20613 21358 1119 32836 -32106 -25515 23983 17654 -10264 -24030 -32599 6024 14907 -6917 -31762 26977 22157 15204 -1273 5471 -34267 34751 27582 28198 9945 -33823 -3137 -803 11504 -21597 16570 -21590 -3518 15474 -20150 12817 -19546 533 25268 -21452 21026 4424 -1094 13028 30843 -25946 -13383 -16052 -31354 -9281 27890 27704 -23318 13385 -14381 -7105 -33038 28071 -23646 6437 -27306 32149 29591
5690 -17054 -29683 -31694 -5798 -16542 3888 -29444 -10696 18307 -13009 -21815 -10467 28096 21404 4133 1889 -17476 27329 -7019 -26022 3649 25204 31935 -27134 22521 -12096 9539 17194 33288 9929 16722 27148 27151 19357 19208 -33743 12229 -6657 26780 31765 -13631 16056 -13430 -16456 -3621 -24656 -8883 32809 29453 -1506 29002 34605 -14438 -9488 -17477 -13858 27216 23335 -31472 11936 -3396 -31491 -11289 -2837 -7181 21878 18597 1767 -29419 13543 -25738 -20848 -3320 -15525 19338 11096 -13442 14067 -15892 4232 -8624 27701 22987 20307 27100 4575 19942 34925 -14801 -13137 -29376 3898 9068 9209 23687 -9541 -24320 -15505 27523
19164 15868 30497 22142 -30381 -3880 -19114 -6276 28855 18508 -599 -20913 1406 13841 -16985 6999 -20986 -25119 -32332 4637 3719 -34664 -11199 -18835 13883 16607 4604 -25590 -25606 -31076 -11870 10360 25237 -5688 30257 10391 8209 13669 -21887 29776 16860 15604 -108 -19646 4194 -25056 402 -22048 -6636 -27351 -17646 11900 25112 12163 -1397 10943 18809 -3829 15038 25202 12771 -23090 -29459 -27194 -13075 7238 6789 122 679 553 -31408 31066 -22500 20547 -10110 -5864 13404 21297 20047 -25494 34166 25284 13738 -18913 10732 15234 30091 32917 -28385 25939 34650 13610 -31852 13652 27518 -27725 24097 5505 24031 17494
-5397 -12516 20054 -27910 32592 -27152 23108 13082 -27808 -6333 12800 7272 -30637 9275 -30642 -3625 25590 4490 -9061 8595 10772 -18398 16106 -9692 -14516 -5360 -30064 -2797 20149 -28946 11415 10549 15172 31552 5601 -13306 627 -34881 -21303 27191 -34250 5764 -25274 26682 9191 -1187 -25735 25183 4137 -34971 5173 -28817 -27127 7567 12785 -19942 12436 -15841 29164 33371 7775 31764 12755 -3101 -16650 -28066 19486 -10990 4048 4483 -31021 -18657 379 -5377 34569 -12592 -12027 -997 -18171 21276 21661 -8339 -9012 11070 28400 5 -14202 20596 13214 -3549 10436 17260 33984 -12180 -17309 -25900 22717 30419 -18925 -1932
33218 24005 9145 5888 6165 14508 51 32911 26546 -2868 30425 -24143 1691 -27127 32945 -6286 -23447 26291 -9470 19497 28151 34488 2696 22264 -10980 33455 -10399 26354 -22741 -13454 31496 2306 28540 2793 29385 -19225 -22775 -12695 -33763 8763 -23545 -6874 -15589 13765 10449 -1565 -21813 7715 14739 -29109 13707 20170 27047 -13577 -6918 -1581 33281 -14945 4155 -9763 26627 16761 -1374 22677 10945 -7603 -12622 32639 13788 -9411 -5584 7739 4442 28956 18053 18602 -12950 24784 23943 -32200 13802 -16349 -10403 11116 23746 5525 -19208 7450 23467 -25304 -30070 -17196 31523 -17498 -17411 21339 20051 -6924 -28387 31918
19376 29528 9959 9466 19553 18676 11016 28687 2344 -14143 -31315 -16866 5744 32888 5031 22597 -11344 25563 26129 32559 -22629 -14374 -28896 -4017 14716 -21769 23249 21110 -4076 -25320 12350 -7348 4385 -10409 -29910 -4488 19997 32667 -5760 -25028 29239 -17594 -9156 -5039 30269 26794 6823 12397 -26712 29342 -31034 -11548 -24215 -16014 -12055 -34327 31460 5820 -6947 792 -981 -3640 -10486 5092 27580 9966 -30580 5803 -11248 -6489 2465 -14544 -26647 -32789 448 -18279 -14342 2094 -10012 -11921 25123 21040 23509 -19173 31305 -26825 24360 -2225 -28391 -18624 17898 12502 8914 -3681 -19529 22575 -32881 -33614 248 34539
-18040 15456 -8337 -3673 -894 -22244 5526 -16012 31870 23964 16567 13089 10549 4076 -26003 -3494 28354 -4839 16524 -25988 18602 -25516 5104 -23151 -17803 23916 7104 -17974 17132 18415 5663 12342 -22988 18700 -7747 -15360 -6150 -6898 -17280 -15318 8552 33253 -5380 15678 -10554 -19748 7784 -25929 2185 7281 -27495 -11525 -34623 32935 -25653 -24350 11442 20944 27768 29246 -3421 3050 790 -12778 1144 -31304 30390 24722 23809 15636 -11188 -17388 12273 26071 34697 -20956 753 27050 27128 -3804 -17385 29429 24152 -34333 -28295 4595 155 32988 33991 -12592 -34980 -27735 32153 27812 -17455 17403 -11007 29783 16365 11902
6199 32039 33266 15544 6960 -34950 -24722 -32672 -21936 -34257 22229 -27986 -27191 1891 -3198 20805 7729 -3924 -11946 -34158 21998 -31299 5752 -25150 -27595 30794 832 10349 24052 19276 8135 -26733 30621 -3822 21299 4534 3823 3892 15123 -31532 19859 2654 -3948 17262 11311 -33440 -25446 4990 21560 23764 -8067 18953 11949 10860 20173 11956 22798 -9822 19373 9947 -19132 -3210 17513 -10435 -16039 8424 8952 -21444 -20801 6410 18801 3122 12326 -24899 -33993 -24502 -10059 -14047 19357 -17756 -34638 -31492 -23703 29295 -11786 10299 -14885 -16414 -26117 -16039 -15031 -15465 -24542 -9770 -19352 16895 -11007 -1082 -11696 -10794
-25997 -29481 -21236 21757 10895 17969 19880 -15473 17252 25698 -74 -30208 -12825 4995 -14558 -12265 -3001 34365 29056 16416 -4153 20059 -1768 -34994 -9003 519 21987 -23898 -4414 -4180 -16757 11341 -31843 -4313 12601 -6478 11569 -27651 12583 -33654 11094 3601 30382 19990 -23499 -30787 -7895 4122 -11034 -20136 14906 -2532 19534 21882 21658 -33000 625 -34861 -1525 24528 -30755 1076 24942 512 12657 32414 -28036 -1669 7904 -5155 -33660 33050 16993 -4290 -11468 31812 -30778 -4669 -16434 33580 26218 890 11343 7686 20644 -978 30453 -20706 31414 27559 1917 28715 -27833 778 8442 29458 5655 -5562 16327 -23571
31143 -13915 21559 -19861 -34079 -5034 -14187 -34532 -3615 8632 -18316 16993 33124 -34809 29225 26814 31006 17607 14797 -28784 27471 19513 -4672 3120 5260 21676 -4293 5333 -21110 28522 -158 31728 -20668 13460 -5315 4776 22419 26021 22374 5711 8719 26340 -27896 -15372 21293 -10491 34687 -4552 -30136 -23803 -23955 14369 -5899 19091 -996 -29328 -10875 -8881 19867 -12715 22891 1847 -25705 -31761 -7589 -16984 23103 -18305 18474 -12866 -10654 29415 -24705 -9667 25381 -1790 -3844 -20003 27269 10958 -9498 28816 -20344 5280 6534 -20729 9298 5009 -29570 5942 34057 -9029 -17701 23358 6020 -481 16700 1067 -1667 4732
3343 -25333 -2739 527 -26548 -16851 -20167 11189 14441 -11425 -2128 -6712 6796 -13472 -33845 -32234 -18169 13123 -13571 -29017 26566 12049 690 11970 -29349 33281 21198 -15460 2431 -30177 31730 -13083 6622 10925 15314 -27309 -14416 -15429 -34479 -16174 33034 11375 30626 3566 -15953 32029 -25012 -20037 14963 11476 -11148 2912 -7928 17692 -15630 7583 11746 22811 -21281 33715 -8399 7483 7085 -33349 -28850 28238 -27011 15284 6958 14201 -2389 -5173 -15640 23836 -5652 -31441 -7433 -10222 -8706 933 11015 -2767 33813 -7839 14989 -26713 -33209 -33793 17942 -17101 -11930 25069 10049 -4313 -6144 26817 5495 23459 10610 11202
-19158 6830 -15801 20540 17679 -3539 -14598 27837 10469 6450 -29228 -23930 -12021 -21653 -2161 -32766 6744 32339 10673 12608 24426 -8746 -30439 30897 10683 23229 9966 -19277 26355 31274 -17352 21852 -5208 20049 -1737 -7250 -10305 -9110 29272 -13995 -32157 8183 15112 31039 16643 11984 -6133 -30822 19910 16818 24904 -4718 -19777 -22835 -8577 6692 -1842 -21660 -29721 -1892 -26564 27646 22013 -10414 -18133 31720 -20172 29314 -23489 11185 34885 26250 20018 26183 14290 -33348 -26976 -2199 17179 -19849 32024 -4302 7864 -33446 -3170 4147 4478 -14987 6737 28160 -16916 18649 -18866 34943 9849 22444 6239 22848 17125 27900
34038 20416 -19205 12361 9443 -12289 8838 -33272 11474 19639 -31781 -19605 -10094 270 11489 14851 -30454 19346 10973 8282 11800 13961 -24136 -14922 10892 34025 -3421 14151 18308 31836 8841 -13518 -30500 -14691 -33469 -9791 18669 -25084 11994 27647 -28368 -10821 -2118 30020 -22343 2242 -15727 2924 33835 -17935 5638 29443 17868 20351 -8449 15712 2779 15323 14177 -27136 13832 27038 -34035 -6481 32409 -1862 -16770 20021 -14201 -28672 29613 32392 17572 -3465 -2498 8346 -25006 -18439 21110 -31586 -10179 -10366 -8400 -11342 25325 -33015 -1874 16173 -2819 21743 -21803 29594 33013 12838 -21079 28572 25815 -30471 32944 18184
2417 -33791 29936 -34360 -34729 22632 24104 1162 -22047 23937 -14435 11504 30176 31916 6992 -31315 25118 -19508 -3741 530 -10043 -1787 1803 -30553 16401 -32998 -13979 23040 -8186 -19607 -2391 2599 31968 1203 -3292 -34049 -2541 4675 5068 1744 -2331 25280 27583 27447 33602 -14533 -5987 28584 -22553 -23322 -28462 -9890 10337 -4738 -29215 -22979 27064 -22921 -1162 -18409 -5411 -6511 -26145 -26475 34662 30731 10039 -8798 4287 -511 -341 -12539 -1917 -8479 31972 19212 8325 -284 -1212 128 25465 29304 -29374 -23199 440 345 25282 16843 -32798 -27631 23056 18988 -6108 11673 -28639 25611 19407 -34162 16096 -30333
5289 32581 25009 -9185 26424 -14854 22908 33038 -24370 -14523 29374 -22653 28870 -27661 7504 9439 33901 -704 -31601 7494 -11444 18873 34660 -15000 9888 2229 15180 -22549 -7929 -18874 16874 -20969 4966 -18609 -30872 -16374 -27047 27434 24120 19324 -24257 8174 26992 24032 16648 34330 -1899 12294 17090 -11328 -23122 -4153 -14853 13373 869 -714 71 -22754 11306 22578 7115 -2606 -21756 23126 -9521 32370 8870 20785 -4569 23570 -1106 -21148 3311 -18709 34328 14906 -6420 -27560 -22395 30182 -9108 31739 32149 -2788 16337 31596 12192 13468 32916 -11500 22548 16848 -17561 -21200 -27971 28649 -9911 10519 -3346 -29339
-13974 -28235 -6516 2471 -29811 12679 3066 -19741 8176 -3045 -30132 -18642 30922 17739 1645 -27905 23216 -27313 24947 34767 23444 20306 5986 -17387 -16625 11848 26801 21924 -22245 1749 33349 27214 17707 25303 32340 23704 -2719 17436 5117 -6699 30859 -15533 18421 8179 -4615 -66 -4031 18817 -27384 7008 8348 -31730 20173 -19833 4368 1316 25039 -14262 -15140 -4786 -7324 -30581 7907 -9497 4148 2870 -6590 -9936 11504 22745 -15195 23162 15907 24274 -19329 693 16829 -4929 7731 -8909 -13261 34954 33557 14515 -9998 -7530 -29938 11505 -2585 1152 17851 20398 1712 -34263 -18921 -18092 -32492 -26430 -21409 13367
-29552 -11022 26320 -10902 313 9754 10558 10012 -31064 -22632 4374 -13256 16152 -20852 -31911 34133 -26008 8601 -4301 13174 -30997 -5032 7754 2154 -2085 -11496 -13325 -23365 2486 -15342 4064 10233 -16003 34957 -1558 6007 -34876 13413 27134 -32887 28295 3226 258 34602 1517 -6555 6147 25592 23966 -31923 1364 17277 5194 19531 33850 18569 -5509 2254 -27198 -22862 -7967 -24137 27101 2657 9137 -33400 15415 -3624 2610 28899 -1697 174 -10607 -34925 -23318 20808 -30833 15808 3524 31833 -33467 25410 23239 28472 -15931 -18371 -14655 -27220 -22614 -33157 34500 -33561 -23855 -6125 29621 -19430 -21260 14164 -24602 -18787
-25251 -30132 17859 25219 17297 25870 1873 110 64 1124 -212 -14249 12387 -11703 -18791 16013 14434 -16442 12402 34583 -34014 -21768 30996 29239 16440 -33432 31314 -9926 -17034 -29653 -19192 15057 20216 -14049 -17324 -24453 30102 -1946 -19440 -5869 -34662 27862 2445 -12706 8501 -21294 -14839 29326 -1917 -7034 -34760 6057 4044 -15682 -4732 20878 -32912 -33584 -12865 -34930 -4814 -31953 12189 -23924 9062 10864 17522 -16980 -1960 27176 -258 -337 -32641 -7439 -24149 -4502 5843 -28907 -8747 17067 -19311 33095 820 13075 -19288 -6577 -16968 -19380 -21625 23458 5 3006 -11838 23309 17581 31476 -26666 -20879 17911 -18696
4426 -16609 10916 32482 8300 22200 -15238 -9282 11528 -6509 23126 30960 4259 -23456 -10135 8592 28550 14395 -9937 7067 1524 29847 12432 -4200 -1969 6194 -11916 550 -3690 -25158 -884 26799 3182 -19621 3720 -32983 -4187 28518 -11542 -7411 19221 18824 19490 -17638 -12471 22609 21916 1540 -4513 2338 27130 18436 -29514 18662 -9765 4423 -25757 20223 -7631 13659 2410 -5516 8158 20830 22550 -16951 -33998 34386 -28768 -13471 19333 -9952 10503 23829 -5500 -20005 -13802 21498 -20552 -3686 -33817 -7531 33429 -13321 27877 -17599 -31821 2179 25413 11054 -2622 -32279 9867 1761 -26724 -1892 -34723 -23814 -10383 -11667
-17762 -6474 26476 -191 -2330 18250 20151 1518 146 -15351 32015 -538 25375 25657 8470 -22891 -17185 20371 -5747 17311 -27254 27064 28180 14320 30956 10529 34809 -7887 -27494 -12970 -23454 28434 10973 -24877 -7139 -33395 2923 -14418 25987 -30867 2967 20244 2670 2527 -443 -15285 18776 -32976 -21720 33274 26533 31144 26182 25189 -25422 -16556 -13419 24970 -2376 -15068 4910 31193 1333 -13527 -26459 -32144 -21336 32764 -15996 22323 -1935 1482 8856 31145 17763 23107 -19001 -34885 30643 -17608 -28323 20830 22668 -19869 -18335 33976 5304 3995 32812 -16163 -2048 11240 -27289 32678 -10542 -29303 8539 -32284 34025 -1152
30019 30976 -34671 -12223 22303 -20534 -26607 8623 11576 -7554 11244 -30033 -29108 -27392 -17627 1414 21424 -27763 5821 899 -8147 -16239 -4174 -5085 8696 -29841 16366 30854 -3697 -31581 14466 11056 -861 7884 15611 33491 -2968 4603 -25381 17862 31878 -403 -28295 -9229 11423 1861 32613 -15453 -23057 -12502 -16016 3814 6538 -16223 31988 4061 31378 25884 -25370 -22334 20831 13008 -13095 -31225 6312 13203 -16590 -11898 7238 -8645 -11372 22917 7237 -14745 -14452 -30026 4286 9747 1989 -22275 7437 -2472 -31893 13667 8438 17756 -22218 33632 16018 -9321 -5605 18138 -14481 30510 -2533 4196 3578 -26773 9522 -25461
-20954 1540 10284 -33947 17176 18892 12541 26510 -8416 2211 25544 6219 33237 -27774 32416 12703 -18474 8980 3138 -19898 -34255 21686 -16212 34244 -13168 -18371 14238 18454 30324 21830 30853 550 -20757 -21209 12360 4894 30175 -10229 -32892 19175 34762 -22784 20733 -16811 -5412 26615 18010 -26946 -11831 19971 12049 24550 24997 -18355 -8611 -23479 -4475 -20121 -8350 20041 -18333 22916 8717 28725 -2952 33576 -28594 -22074 25892 -20178 33542 32930 3280 16779 -5754 13183 25304 9491 -9892 -17888 -30979 28065 -15074 -31691 -12438 8329 -26032 -13148 9957 27196 10480 -22791 20595 -20117 22329 -23489 -8183 1858 -5458 13556
13717 12470 -13995 -23037 -8765 27822 -12238 -10742 -2844 -19681 -20443 27761 7890 414 -33794 34211 -19772 -20851 -22486 -18984 5304 -11033 -9012 28707 31275 25486 -12829 22711 4734 29950 22919 -23470 28767 -29530 -23516 31433 23667 -33955 34194 -20694 29195 -17671 -15475 -4490 -3776 -21508 -24577 -27052 634 16643 2907 14035 13745 3818 29667 5254 -10281 -14477 22871 -9002 -7783 19047 -17360 30435 -24087 33946 -11627 24843 -21725 -31102 -33690 32444 34635 28165 23706 -32292 33481 21751 11230 12451 7050 27079 33000 -8075 15954 1899 25934 -30013 -2942 492 5548 -852 24622 -30491 -34323 21743 3387 16412 -32067 -19231
2214 -28391 12302 19274 -11851 19539 27461 -315 -11667 16247 -612 23170 -10119 -25527 -16710 -17683 -20580 -26483 -314 -9868 -5125 -34260 -15565 -16189 4596 -12831 34083 -14285 -14201 17521 26473 15889 19660 27799 -15793 -2359 1822 -23612 -5609 -11303 -7798 20935 2889 3924 -32420 8862 9313 -15767 -14431 2672 -26702 -4623 -28381 -25129 13775 17854 14355 5453 -30262 -4097 -27757 -31968 32627 24255 -25191 10907 1580 29502 -8198 -32455 23649 -26903 16443 -16386 -15911 17340 -3269 22216 26089 -1516 -20024 8199 32558 9703 3175 -31487 -29221 32206 22222 -17369 20390 14725 -6815 -22999 20783 -5320 3260 13077 2087 -27859
-14792 -5404 25373 -25634 12027 -26464 -22235 29269 6416 10550 8601 20482 14007 8575 11817 34913 28854 8388 -9165 -31582 10806 -34334 9411 -22712 -29978 9971 27232 -982 -21356 -29027 -6370 -34145 -18204 34522 -26520 23003 -30989 -34277 -32769 -23937 -2660 -25811 17391 -32536 -19870 -30429 -882 22383 -12564 205 -12334 -34383 21880 -26567 -9219 -19181 32878 5732 24583 30260 -14727 -3926 -6793 -2454 2517 -13928 34615 26636 2044 -11649 -26189 11477 -20629 -9802 -16473 -29032 -23569 -2279 -31637 22899 24671 34676 27351 -31273 -27272 13733 5069 -23162 -12537 34334 -16196 -23299 15641 11333 -29010 28640 -24879 28438 25464 30985
4596 32357 -33958 -31285 -34709 -31694 11221 5066 10311 -8139 -16139 -25924 -24426 -7759 32123 -13593 -7807 27497 -16987 -32692 -17058 -32717 -27925 33138 -10800 -18909 -12624 6200 -8675 733 -16 -32738 -16564 24016 13906 -13244 -25756 8737 -32612 9281 -1497 1728 31357 -22319 27517 19679 -30703 -8636 -20233 23311 -31929 -9725 14944 31187 -12418 33730 -20541 8936 -13933 -16975 27081 -23006 8798 -12404 7168 -9474 -11593 -8704 31299 6627 -12622 15105 -11313 -6024 2345 -22764 -9761 -14117 -588 -32365 31226 32750 26463 -13149 -27118 7215 14655 -14278 -8899 24390 33159 21257 -5525 -25059 -22431 22855 -17289 -4724 -843 -26381
17083 539 8903 -17215 1688 7984 2569 20192 -3102 -31342 -30263 -31845 11420 -14054 -29118 -23369 4075 23797 -34199 -356 -17469 -872 2832 23335 -7856 -19454 -28444 4505 -13122 -26852 8918 -9887 34378 -30481 5346 5608 -17311 -9248 9830 8832 -18487 30702 34779 -11932 20416 14858 -7147 19686 19772 -31213 -24594 29066 18628 -23573 -25763 -28232 19333 -21874 -16325 -25780 -13660 16631 -4794 -5889 14676 -21814 29099 -19404 29228 26144 -2106 -29433 -14216 -26555 32518 -5480 11141 -21778 10008 33842 29632 16587 15378 -10886 9793 -22780 19946 6290 -24191 -11941 15903 31377 -20891 -27002 32983 9796 -2348 15653 5839 -28384
-11029 -6646 -26960 -19465 7933 25681 -12350 -29261 -19283 -12460 -25291 -19809 3317 11585 -27621 26851 32563 -18708 -9086 -17365 2171 31927 16311 -14328 -4971 10809 31078 -14791 -26057 -19049 21865 -14482 32410 -22405 9002 -21852 -26082 2130 20813 26276 7570 -8954 -677 20719 29906 -30919 18879 -16554 2780 -5487 -33218 9069 -24222 14768 -4332 -32244 18911 -27291 -17795 -30484 4928 -29874 4724 28691 23002 11496 3986 31026 28021 -28632 30967 -8377 -31271 31909 -16232 17658 33307 -32980 -34751 8074 -354 16265 -4632 30918 5456 21292 23250 -34252 -10734 -13624 31289 -9260 23744 12189 -24900 -7020 -23893 -26966 -29328 14138
-19924 -34958 -33194 -33348 3221 -20297 23060 14426 18211 -637 -21953 -20279 -27909 -28912 16185 -10440 11802 -18267 26590 -8747 -2516 29893 -24050 27575 15125 4220 12253 -12790 14963 -28288 29442 13152 6794 -16625 -21231 -9117 -11170 33369 18289 -10528 -30947 18430 13898 12691 -11616 -4204 -17559 8798 9500 15366 22822 23745 31073 -32216 7101 14961 21945 27357 7475 12718 9069 -17880 32948 -4654 -5695 21566 30112 28776 12406 11937 5138 -10454 -15627 -10661 18074 17183 -10900 27518 -19094 1428 20490 -25657 -1772 -25617 1681 -24668 -10246 26682 -5782 -8583 23682 -32189 -27562 9996 -14423 -33530 -1833 33181 33454 -7187
-22398 32105 31526 -28671 10234 26753 -23146 -11642 16083 -3279 19414 -26600 -27843 27405 18768 26197 -14816 14090 -26118 26128 7492 9790 28944 -24227 -25963 -16026 1261 -11331 -12204 -12769 -2513 -28298 -23098 14278 -7942 -29068 -23800 23328 -12858 19337 -5709 -13164 -16320 -32616 -24186 28227 -26565 198 3824 1336 -34131 33957 21509 -34788 16717 17823 -25086 19942 7286 5360 -27764 -33430 -13780 16094 -14959 -4607 -20393 -30281 -5166 9306 -1674 11903 -30594 21813 -15062 -8086 24026 -27833 -21128 18694 -10203 -5475 -15045 -43 -28694 -32579 -137 9532 -1064 -16785 -27341 -29960 -26567 -9654 -4874 9664 15696 -4998 -6922 12809
34875 -29441 -12438 30189 -7059 -455 32928 31974 28803 8779 23539 25617 12765 26233 24091 22012 -33939 389 27282 29520 23134 -21523 30512 -29626 -31156 -18070 32921 11451 12628 -11074 5214 -21133 28014 33628 -33864 -9129 -31437 774 12540 23201 -30179 -10161 33490 23126 15355 26935 27287 -11734 24624 -17428 16303 30350 5259 7546 31584 -11845 26556 28636 -6815 -6056 27518 14485 34988 -31407 29792 13156 -21625 7177 32096 -28743 -24947 11626 -2689 18814 34969 1543 -16632 -9271 3889 18839 7673 -19239 7074 -27666 -3394 3479 -13624 -26989 25289 34966 28504 26406 -33889 26927 7890 13183 12899 14273 17314 14552
-5240 22115 -20977 19529 14975 32093 -2261 -12155 -33759 26802 -34868 -17371 31707 -33775 -18212 -2262 -3870 29127 -15015 -11508 2008 4069 19891 -11954 -19808 12422 27885 -32849 -16795 -7200 8477 -27041 -25250 -31452 -26662 6301 19853 19262 -7975 -9497 19895 20146 17732 -5476 -21086 -23048 -27169 33302 11484 27171 12238 -17175 7441 24648 -32929 -24782 -18816 21795 1726 2748 -7770 2915 28750 -25238 9462 -9641 28162 33875 -28335 -32191 -32388 22603 31629 12685 -33370 -18579 10600 20308 1726 9652 28743 -16218 -13924 -32720 10127 23974 9032 -15169 -2811 -29971 14056 -20207 -20922 29761 -31321 -22741 -5148 -32058 32223 23743
20743 -30734 -13720 29987 -12857 -25655 -25933 -23611 -16344 -10097 1795 -4442 -12231 32247 19249 -32718 -14695 -6441 13206 -31261 -27500 15429 8392 -21048 -25378 1140 559 14899 32715 31071 20318 -8295 12321 18784 34429 2359 9688 24899 5037 11860 -4543 -9964 -13992 -9587 7613 -15001 22651 -7362 -1845 -24066 -30023 -31388 -11865 -531 3424 -25290 -25394 19419 -10206 -18619 22616 28278 -3589 -2299 -29822 20868 -399 21805 -5756 663 -18117 -1026 9252 24539 -34235 22287 -31894 9707 -23964 27345 -26762 -6760 -2095 -31082 -4556 997 -24619 -28075 23154 17388 -24565 -22588 -21684 -25455 -1717 -7489 29114 4679 27246 3935
-16725 -6388 -26208 -24917 5359 28018 -15793 31889 8589 23987 -17353 -32315 -13735 19841 -14601 25137 13708 -31845 34589 14157 -17769 -29820 -11161 25407 -18606 27989 -7154 -23977 -2741 2832 -25031 30826 20997 -22761 -24860 2387 20184 26655 -21015 30480 17688 14493 -13614 25278 -18769 22849 34527 12623 -6339 8309 -14565 -25755 12042 23886 13581 -1956 19543 20354 8259 -26692 27169 26033 -4586 -17453 -31077 -14928 -29921 -17391 -14167 -31679 18533 34250 -4527 -4611 1616 7819 -14628 -18035 2110 -34830 -13660 -6213 8022 -21544 14696 29328 12897 -9104 -16419 29221 15698 -34213 29812 -4325 322 -15226 -21939 -30412 14727 -16385
-17307 -2122 -20856 -16418 12387 16350 17078 -7997 18788 -6550 -2809 -18626 28468 -22903 34084 32881 17240 -1406 -22289 32026 -22351 -23067 30313 12902 -30374 -8685 7300 7711 -2505 -32760 -24034 8734 -29123 5564 33562 34469 -16335 -3682 -32086 -115 -6440 14089 -18465 13524 -7409 -32587 513 29307 24422 13353 19192 5954 -989 28086 -18598 -9921 27759 32921 11137 -17260 25166 27554 14484 26300 8080 -13176 26939 -2025 -8341 30907 -16288 12457 5750 888 1313 -23177 -23500 -29590 -24307 -32214 -32528 -26739 14221 8100 21366 30755 -23416 -27625 17686 -11682 15148 -14510 17135 -22565 -23462 -33221 -23137 12068 -27391 -8082
857 -5276 -33827 26074 27500 28913 3462 6308 -17915 -14897 -23589 -31835 -4228 32879 17069 2304 28750 4758 32039 -16720 28222 23792 10241 23870 -605 25311 -16264 -14573 5013 30782 -14301 23945 1560 -13328 15977 2421 -7108 11652 -1002 -21945 -4251 -20076 -7498 636 -8790 -6180 -12249 30072 -18400 -1233 -33966 -5656 31210 -16469 7173 -28597 7069 -32736 34833 -2626 10897 10544 1635 -26585 12247 -20206 34057 -20437 23050 9607 488 14634 27612 -14903 32182 27767 26291 -1442 -33758 20512 5134 11273 10475 -6920 22133 25925 -6945 22290 -29288 4059 -7450 11770 34111 -9928 -16207 13128 23188 33289 17881 -29905
-12049 34240 10503 -4096 -12887 20990 -25400 34456 26794 -1801 -33092 -7548 -12593 18275 24674 -14367 -25396 12274 -19556 16378 -17050 32336 13790 34414 16577 16559 31140 17999 -6454 -21414 -32499 -30371 -25919 3473 151 6804 -11157 -11320 14221 28607 17113 8556 26201 13372 31662 29464 -6896 34096 -12923 11088 29134 -11143 -4858 -796 33991 -12872 -9373 28463 -15162 31813 22666 -26939 -4537 25482 -15106 17340 -14783 -21357 -12539 -13618 21015 18558 24514 -21822 10293 4375 -10225 33424 17473 20381 28379 -22066 -9644 -11749 -28604 3372 25870 -14633 32416 33156 -9995 -5023 5151 26803 2814 -32647 -10704 15911 1566 12556
-22812 14192 -19408 7777 11566 -16925 235 10463 -26612 32993 16306 -19996 17919 -25404 30177 -30455 30863 24720 -2865 -3104 -23508 -20230 -1871 15380 1329 11021 -18070 8926 -16639 20431 34298 -33765 -12908 -22578 -31315 -25374 7829 -6855 28918 -13335 4894 -15476 -406 -34565 -32128 -22694 31355 29433 27446 -19027 22924 6587 -7922 17111 -34216 -17226 19310 13968 -33237 -3657 24678 -1294 -4687 19906 -26265 9955 28837 -8394 24622 9924 -9212 -23850 9542 -8526 21666 26884 27064 -28457 -17252 -31481 23915 -32270 6881 15635 26735 -21158 30464 4576 13129 20555 23990 6721 27690 -26461 32544 7004 24675 12697 129 -28711
25337 -22131 -21280 -9366 29573 4822 -2303 -29258 -27351 -2785 -15022 8754 -13614 1667 -29987 28795 248 19248 -26360 26618 20215 -8181 30738 3141 9299 -8458 -29426 23200 23124 -32871 9110 -20958 -11732 845 -668 -6537 -24320 -3247 11105 20593 15308 33534 5826 27035 26047 1337 9755 -18452 -20149 -31499 -14746 -9105 -22953 15296 2485 -24056 -12653 -20420 502 11922 -8733 8828 -9144 26018 -9114 -467 5480 9339 -30605 33285 -10151 -5458 -8901 -31515 -34993 13704 -31852 -99 1805 919 -33713 19247 9691 -1921 -1368 20026 -17448 24577 -15091 -6446 -22203 -3618 10916 18424 -22093 27463 -4272 10584 24481 12744
-6584 33429 -15783 -10775 6431 -19492 186 25848 -20974 656 -23448 -4614 -10102 -25392 -34787 28204 2314 -31720 21465 -15430 -21703 18783 -18112 -30089 20164 -19203 4941 3567 12984 -27940 5682 8773 -520 -632 -4612 8959 -27154 29594 32440 -27388 6582 -28187 -30907 31884 -1016 -17944 34645 -5353 10779 -19384 -2193 -33682 13650 20676 -22308 -18338 -8896 15439 3978 -12342 -20183 2266 33980 -25682 31617 33665 3135 -17680 5872 -19533 3941 -28227 -25658 21354 -9858 32027 -4568 -31258 10858 -19638 15954 4069 -12403 13764 -9550 8579 2276 12633 -13563 30457 3984 6261 -14299 10496 29576 28391 -3126 23235 -25614 -33321
12347 32248 -15029 -19900 24409 25902 31248 25237 -18163 -31452 7791 24247 -26441 24735 25702 33959 34263 -26362 8764 -11193 -10330 -25940 32743 -17199 -10910 17729 -10542 20329 2586 25430 -30744 -24849 -11248 26351 8755 17708 1431 -1498 26210 14558 -6275 7276 -4028 1027 -11637 -27060 32826 23167 -30743 19142 -5992 -24449 9827 -26586 -2036 -22027 26692 -1174 34981 31771 3516 -6996 34964 -20679 -163 -29796 9986 -25193 8603 -8348 24884 -16330 30018 25313 818 -2770 -28195 -8327 23972 -10103 30187 -24064 21154 8525 21277 -23633 -27519 25767 20169 30525 15429 -34642 182 24552 18213 -13624 22007 -27623 6055 -6677
-23231 -5474 -6040 -28707 19362 -32698 8924 -713 -3463 -23933 19242 -10122 22746 -25399 18025 -1646 14835 3955 32244 19909 29703 -2781 12287 -32841 9364 30925 8950 -25565 33814 -548 19502 -1051 21367 11151 30297 -15047 -15759 -5012 -2376 18653 23632 33369 -1212 -33958 -15450 -31027 -13059 16248 -34749 1753 29038 -196 30347 22252 19115 31986 23831 -19948 -8415 -24429 19533 -33431 -16883 -6192 4540 -34636 -17440 -18403 -29525 21086 -15247 4265 -3520 4680 -24008 9533 -23087 6836 -24429 -30971 3730 -17210 33334 -28952 5997 28321 -8448 12499 33211 9795 -5221 -19364 -13069 -31002 27404 -33797 18940 -17236 -6312 -6836
-20670 31751 -16381 -32456 -32075 -31917 2669 -19012 -12227 1118 -1421 4495 -23508 -7327 12409 18107 20069 -22199 14805 20081 -23579 19577 15367 14294 -30907 1632 12474 -14863 28462 28875 -15106 14393 23179 -11746 31604 -23558 7882 28745 -15186 -28570 -899 -1135 -34075 -18850 19223 -7157 1538 -24557 -4032 -32066 -6347 -26312 19216 -17950 -3105 -33087 -8629 -5424 19864 4927 -7493 17018 4035 6401 -562 18415 -12224 8850 31020 -20989 23471 -30739 16578 20562 1965 6930 20266 29360 31082 -20290 8403 19181 -29537 6459 2059 -32248 -26242 29071 -31136 -4502 5063 -29310 -9424 -8956 -2865 -2462 -8360 -24032 -30724 -15698
