20
 80  35 -43  20  64  30   10 -93  74   11  -1  40 -18  88 -98 -38  39 -17 -72  59
  4   2  43  14  58 -84   46  87  80   79   5  -2  53  -5 -95  45  49 -26  14 -69
 53 -88 -24  53  69  70  -79  60  65  -35  53  94   8   9  24 -53  20  12 -62  53
 -8 100 -24 -84   1 -44   64 -74 -77   39  40  30 -17  52  63  76  26  -1  10 -27
 77  66  45  46  20  70   87  90  74   48 -80 -63  39 -53 -57 -34 -85  47  32  61
 21 -84  84  89  34  58  -24 -38 -92  -95  39 -59   7 -36  52 -70  -7 -28  57 -91
 47 100   6 -15  61 -97 -100  55  48   63  94   8 -97 100 -70  -1  74  47   3  77
-42  22  57  67 -95  37   27  63   6   58 -15 -79  38 -82  34 -82 -80 -82  20 -51
  8  14 -84  13  80 -13  -74  41 -11   11  37  10 -10  96 -41 -95  48 -80  94  52
 18 -42  26  50 -50  20   39 -61 -31   86 -89  -4  50  29 -62 -44  48  12  51 -37
-19   6 -19  60  91  31   48 -53  -2   10  91  21 -11  72 -12 -84  -1  76  76 -58
 33  63   9  86  20  20   39  32  72  -79  57   3  37 -21 -72 -20  20 -44  -3 -43
 -3  82 -67  31 -17  59   68  70  88   64  24 -74 -62 -21  41  35  25   7   1   9
 18  61 -46 -75 -78 -13   -4 -69 -23    3 -98   7 -88  48 -34 -21 -81 -92 -68 -55
 57  36  17  80 -22 -88  -28  50  57  -29  41  86 -31  83  88 -68  97 -50 -75  17
 53  12  41   3  97  -5   10  87  64  -31   3   4  -2 -71  19   6 -73 -39 -63  55
-20 -89  -6 -97 -31  17  -93  40 -92   66  -5 -59 -29  47  48 -90  63  13   3  63
 16 -62  67 -41 -37  58   23  18   6   53 -69   6 -72 -19  66 -10 -37 -21  13  28
 13   4  89 -18 -24 -64  -76   2 -79 -100 -93  79  88  35 -43 -27  -6  -4  89  53
-93  24  72   9  30  30   72  -9 -47  -81  71 -80 -81 -76  12   6 -24 -50 -41  31