10
30683 -4623 23690 643 27926 1875 21259 -20441 -32778 -20838
33577 -3848 32232 21927 18355 4062 -20817 5969 -8752 9914
872 -21558 -15030 -15739 21166 -28080 -12111 14588 -22355 -23674
30978 15868 17128 -24292 -25558 30759 32841 -7553 -11661 -20480
1897 -17982 -15608 11593 -17542 -19740 -26257 29251 -18100 -14624
-2972 7477 28930 25936 -27333 -3886 -23180 10853 30219 -20169
13556 -27732 32258 -7335 29037 15780 -31149 28516 -31435 -29211
24025 -30981 4355 6317 16216 -8110 1146 -32954 13711 -32985
29712 -33898 17725 26556 -31346 6941 13237 3935 4212 -30422
-16072 -1903 -8450 -17927 24028 -3415 29822 10191 19493 15126
