100
-2147 -10981 -14078 -15698 19590 -33071 8195 -26928 -16986 3235 24131 26952 -17630 -18304 21120 1001 22946 -15488 34936 32197 34024 26016 7257 25264 32719 9052 22933 6203 -31724 9930 -7813 -34680 26365 9844 -8826 21 -16366 -31626 3646 31397 -19230 -30130 10142 -21631 25272 -12868 693 -8833 -23393 27425 -7058 -9390 -5001 -34863 14493 11719 4095 20183 -5277 -4315 -14075 -12824 -29995 -20921 -11353 -11668 -30481 -23965 12836 -23961 9817 -1581 7947 20969 -21708 -32080 -31043 -14026 7143 -4740 -2215 23591 -14535 17862 32960 16311 -8953 -12319 29655 -14285 4370 -20323 26211 2792 -19881 6960 21473 -9146 -26324 20769
16175 -13368 -26044 -9397 1159 -22402 -1411 8714 -25051 -3861 -5829 27051 32232 -13341 15569 28852 -30586 27254 26803 5328 -22045 20699 -25804 4568 20179 -21659 -6495 -23259 27179 20644 -2066 27519 30089 -31811 4507 -2382 -32650 -26634 -7493 -32847 15976 -18620 14329 11545 -31915 3149 13515 -33415 -8397 30725 14733 30851 17293 8167 17522 3804 -21470 -20964 13296 -20201 -18632 -2072 9580 -9335 18678 -1573 -14786 -8133 26951 -20968 -9482 -32949 32623 20711 24017 24371 32856 8123 -5625 29096 -2649 27032 -1794 17271 11205 -4236 -13359 -28781 6470 28264 30893 -15640 -23854 -4322 -2356 -24531 11675 -29699 17843 -7620
18118 10801 -20423 2518 -30963 -25408 -15824 -7933 17825 -28986 24530 9792 -26600 28566 -27464 10038 491 -31202 -9198 9230 -22517 -24557 -24766 991 -15981 -9257 -5787 -22506 -17003 -1339 -9051 -25784 -5185 -14414 13978 -27380 -7243 15519 -5664 -34041 409 16 4526 16271 -31216 31443 9269 9540 30430 -28389 17644 -6018 11846 8225 8571 33023 -21388 -5394 -34208 18092 11111 11581 29970 -29249 22748 -10869 -5931 3008 22625 -3540 -34571 32476 -12857 8654 33352 -19695 -11068 34706 24648 -735 -10250 -32272 -3238 -6151 34074 -3254 14239 -6875 -9316 -6316 11172 -15414 21355 -14690 9621 21714 -3515 33894 28588 -27822
-14610 -7001 8744 25663 -6019 23825 34423 14638 3876 -32837 -18540 6403 -7766 16 -34069 9212 -16943 33314 -2549 -21111 -17332 -1449 -27159 28050 7739 -16375 169 -17550 12746 -13010 -19610 -3789 -24558 -281 -18340 -11915 6000 -31288 -33907 19502 19365 -9631 -29972 7735 2016 -3342 -22532 -21782 7387 17406 8932 32032 -29222 7299 -25170 29501 25174 -2078 12587 764 27536 -15679 -7629 25654 -29255 19394 -28526 7415 -11865 -30137 -3364 12755 -32987 19997 11131 34735 19335 33359 -14123 15689 24479 1643 -6872 23837 -18028 -21780 -33421 -23763 -20535 12626 -248 -16888 -1525 -2674 -22042 29201 -16587 -3811 16713 28752
15426 -15470 491 7273 19427 -4276 28527 12706 29998 -17490 26299 3149 34095 -11836 -12336 5495 21324 -21952 -17602 -24599 1692 30012 -34193 9910 24031 -12368 33244 -10203 24903 7167 -12588 -8225 6406 -20868 -34483 -17941 -13102 4998 -2710 13617 2224 4955 -24002 10313 -30253 -29309 -28337 -33024 9433 -27621 11250 13918 9147 30440 24344 33133 -20062 -8030 21671 8335 -19811 31633 -860 -6004 -24561 22263 -14061 -4318 27944 34812 3983 157 -24212 -25414 -29997 -24840 11153 -29204 -21520 22132 18258 3288 -11081 25694 -6490 -22167 -28359 8178 -16974 12053 1813 22948 25214 10022 31544 -7341 -6776 17399 -25170 26732
-10627 -6373 -31759 -18676 -22752 -21299 -1870 -24847 -2108 20918 -32491 -20630 -14062 -25730 29499 1477 -33074 -14234 -28104 -29872 23842 13740 7792 2616 -25320 7729 -32037 31311 -11012 -7899 -32709 -14725 -9613 -13788 28060 -5256 10965 -33511 -27731 -24197 31907 -1258 12465 2739 -20652 10826 -29384 15376 15621 18908 9278 -8270 26511 -31622 8828 -21480 -14442 -7467 23494 5443 -20956 -13354 -7282 -19264 30537 22129 11772 25384 29201 24456 -2212 -14621 22752 28882 4217 -8338 5777 -6220 -33737 -11641 6279 10891 -30814 10603 -5851 32233 -15616 6535 -1209 5380 34524 -15003 -34367 1119 30070 12692 -490 -31451 -10213 21048
-7181 10790 23049 26283 -23116 -17410 -18204 31090 -19851 19671 -28811 -30515 -15375 32068 -19487 28638 -33245 12697 -23245 2837 -27941 24532 19826 -20259 9422 757 -2014 11130 -7985 -6520 17213 -13832 -28757 34795 21138 13864 3757 -16494 6522 2087 -34998 -84 12119 30042 -25917 32825 11287 14698 -356 16457 25712 -27106 -29287 10389 26992 -12968 33864 -13129 3869 -23700 3333 33167 -34218 14763 -8984 -26446 14653 10935 -20195 -12143 -33308 -31410 23628 -32094 32371 24927 173 11219 15086 -28552 13144 13259 28080 -3994 -9533 13868 -21233 21691 3342 33205 -23058 -24168 -12522 -29812 3624 3841 34150 -25863 2475 15866
3881 -34403 5161 -34432 27469 -4354 13037 -29183 34076 -10727 -34611 32519 6608 26099 4980 34781 2463 26789 24443 -3063 16929 -13107 24547 -28555 31068 -6397 -529 -22905 21724 -28065 34509 -8115 -19672 28049 -27355 -31379 1561 -24005 -24696 30483 17465 14732 17169 -24322 -3306 23801 30052 4180 -12155 -21253 -13576 32659 6144 22042 -23723 6775 8548 -592 14962 -15091 20099 29198 -21806 -788 22069 34894 34635 -31229 -10416 -21358 21692 19439 -16658 27446 -16214 -30487 -15493 5367 27218 -16319 -21794 -13632 -749 21374 -4128 18521 32384 29452 -27062 -23162 -31386 24350 -15293 -11543 18559 -312 29766 3504 14053 13681
24666 19201 13419 -13 17958 -3489 -30300 1630 -265 1843 662 -9816 -13721 -4034 -12024 8078 -1240 -21897 18173 -13412 -21933 -4595 -22298 10676 -299 -16786 -1636 33934 -26648 1970 -17043 14131 7950 -2671 -25688 -12205 28482 15317 25337 -13776 -9574 17753 7476 34178 18961 10796 33124 25828 24236 8711 1145 -1046 14294 13018 -16094 -19205 -34114 30691 -6396 -27435 -27404 28727 -7258 13572 -6086 25957 24227 28337 -21645 22997 14971 -30417 24658 -34018 23231 -9220 -26183 34668 -9652 30218 -33534 11942 33115 -8648 4138 -6955 1387 25762 5304 -7519 -15772 -21542 33580 -13923 2486 26613 -6798 -21605 23597 27929
611 23494 4115 -6339 3382 -32794 19404 24460 34227 488 7365 -16144 24986 17592 -33934 -16796 21369 24698 -6894 -5521 33595 -22615 -21350 -34922 26052 19188 -32552 33060 24211 -10970 24213 -29691 33803 -18585 -18733 25145 10586 4600 -27715 13544 861 12987 33983 -11782 18157 -34768 -5132 14003 30098 9797 15189 -19788 -21452 27443 -27132 34866 32667 -14807 -20504 -34978 12973 -5814 -20168 -32214 -21933 15643 25749 8097 24652 13500 -2082 -12167 6507 15436 -2732 26428 -14616 -8284 4486 23915 11126 -20631 4266 -2611 19355 -32861 -1233 -20973 29640 -12262 -523 -25099 10161 5013 -23333 24667 31036 -23463 -22755 -32037
18336 17861 -604 32492 -10015 12408 -19266 -20985 -27737 -34416 -29261 -10315 30487 653 9075 -18896 -18679 20512 14797 19546 -16904 -3771 19930 20908 16495 27467 29926 -30143 25541 32355 13309 -5027 27695 32096 2276 -25697 -4232 -6374 -11623 24281 -21240 -8644 34548 -25003 -24847 -25642 8760 -15684 24956 -31702 -30027 19493 3923 -9005 -2751 17426 -30896 -7318 -18667 3562 -7879 3965 2258 13227 17297 9191 13307 -7813 -29604 -10434 30410 -6283 21617 -7175 -19094 17474 -17246 -27306 33678 -10089 -11413 28774 26973 16283 23495 29340 4119 31362 7311 -30558 -5965 2455 32576 -11047 5191 -48 21636 -33377 22734 25054
1116 22532 33185 -1607 3533 -32712 -6130 7073 15956 -23908 -31701 16856 25162 -30921 30516 33574 22492 9711 2119 18028 -20648 -25049 30106 -5159 -30545 -16913 34334 -13726 17276 -31405 -9226 12442 29524 12622 29218 -12812 -3801 -25371 -33831 18658 27816 27629 3947 4656 22317 -2960 27069 22894 -8046 -5774 7309 -4998 -15606 14389 29596 7479 33295 -31239 5230 32049 12759 -26277 -6914 -28713 31249 27613 7226 23866 -19272 -15791 16618 24438 25661 29843 -9829 30132 -14366 276 26817 -2602 28446 -15546 -859 -25135 -28165 13606 10647 -29786 17148 16614 -21594 5599 8638 -3992 2777 30423 15040 -26905 17012 -6744
-14900 -21683 16360 -67 29673 -26295 32173 3699 -7612 -26734 -23296 -30842 -12348 -17191 11494 -34405 -16711 -13519 32100 -22273 -7455 -13090 22646 -28577 732 14606 24603 -34070 -18296 -14666 24809 2021 -7969 3517 -13581 -11207 -19841 -22363 -25833 -7634 -22777 -19163 -31766 33232 -33487 14434 -1510 -9533 15860 31058 -25181 -29352 2471 -24899 13818 8996 3071 -24007 -10068 -18198 -24299 -18509 -8534 16652 -1773 -7658 30870 -34513 32053 21290 -1976 -13656 -16579 32003 34251 20614 26076 -22814 -15934 -17647 22622 18899 -23032 33123 12992 -11915 -10485 24151 3824 -32007 -22760 -15118 11188 -8395 21080 31820 -13533 -15956 -34337 10162
-30229 32278 11501 -9434 15147 31444 -258 -83 22947 -17261 23277 17851 -4971 27264 -28523 23756 9067 -24229 29718 -16674 -21477 -8927 23914 -19687 28736 -12384 437 11759 -4152 14887 32940 23118 23634 6824 3436 15818 -21499 31145 -22056 -29364 -1735 17562 -14299 27765 13686 4039 33013 31120 27951 3242 9114 -4505 -2823 2603 10326 24671 -1383 32468 10966 -13232 21698 32355 -7030 -6922 31992 11224 11369 31982 3591 17407 -8939 7855 5729 -30683 19786 -30904 -19401 -30972 -28788 23868 12179 5584 20026 -24681 -18096 6566 17181 -33734 17584 3479 22803 -12841 -21413 12687 -29483 19544 -13995 20514 -19975 -11157
31345 15111 7292 29713 -22565 -16130 -20747 -8872 17547 25978 28494 21585 -9789 2934 -25856 -18943 -30253 -15943 11753 14872 -9615 24219 -2898 -10071 -18353 8755 -4688 20981 925 -32191 31137 -4534 32759 -27491 -28146 28948 -20485 -20293 -8007 19943 -7293 33474 -192 -18398 29280 18416 -360 16237 32026 15312 26198 -16628 -16423 34870 8360 10113 -8079 9367 6980 31381 -8388 -21323 -31831 8708 -26495 -33650 12353 19368 12336 -850 14966 30475 -5632 -5354 5503 7883 6049 17840 23035 4138 20935 -24952 -12745 349 31448 12967 -12712 10117 10444 33502 25373 24707 -24833 28024 15658 34205 22020 13371 33243 -12384
-18196 21791 -24400 34441 -19961 -30116 2997 -5824 10215 5067 1424 -19994 33483 12612 30693 -12967 -6069 3041 -29178 14297 -27328 15975 14125 -722 -6430 22043 15543 17094 24670 -20048 -24823 34097 15282 -11489 9228 12820 -23290 -34259 25669 -2872 -27977 -4860 -18346 -5462 7765 -1237 2625 -15769 16760 -24532 -10353 -1327 8231 -23242 -10658 -31934 -19053 6309 -5816 21349 -30535 -7240 17012 -3901 2851 -11856 -10516 -9652 4785 7470 -2529 14795 -20757 19235 18329 -3885 32889 26041 -28752 34843 10689 21954 -24363 -14760 25208 -3710 19789 -12877 19428 10307 31609 24539 26377 63 -11511 -4148 -3606 12197 4064 -8172
26177 16416 18647 1244 -13334 -13988 359 18896 -10954 30648 -14893 -30259 -12187 -13563 -13152 1274 -26345 -29470 19188 23730 -12155 13959 29115 -1168 -3130 -13417 33826 27588 -17024 -28141 -14267 -33559 19707 -4461 33069 -17660 -25577 -19890 -7782 -23059 8395 -14194 24481 19648 12796 21586 10814 -5179 19223 30754 5696 -19096 -27740 15400 27467 15877 -3796 -12966 -32843 20648 18486 2063 3507 13480 -24029 -10211 -2104 25872 -25889 15079 28942 -2585 7985 4475 -3161 18532 3391 -14977 29684 -22405 26641 -12910 -32415 -9266 25047 23845 -32954 24925 4356 -7970 -21347 8161 23439 10889 -4419 -13533 11404 -18242 24297 -34895
-3564 1405 -28170 -19857 10555 21518 -30017 32996 25934 -2724 3184 -34354 -5786 3387 34492 -12152 28253 -23077 -13923 8021 7442 -7879 29646 24116 -27513 -28900 -17192 24899 -5473 26966 -12007 25076 -22641 -32892 -32853 10629 -5901 16533 -8148 -20088 -16688 -19212 -1424 18487 17255 24840 33497 -30200 -27212 -25725 13258 -13851 -7716 -2094 -6182 18003 3119 -9990 -30345 -16766 -22156 3066 -13759 30299 30923 20545 -17279 -22110 198 -7610 9717 -15619 -3040 -23017 -24296 -30092 -22598 -4076 -20058 -24554 18239 -27815 24793 -29724 14806 8707 -19761 3604 -32899 9362 -16811 14341 10050 1897 26664 -27361 -28527 7459 28804 33357
-20617 28952 27198 -23627 24773 -13392 -4699 -15917 11675 -17817 15223 -23779 31141 25092 28064 -31794 -23332 -20123 16069 -26934 15986 -11484 -15180 -27870 1493 14694 18062 33259 13645 -5048 31907 -21867 9497 -22784 -12530 4829 8748 -14972 -23668 565 6381 -10681 -20824 -96 -8883 12785 -33756 -12114 -34599 25933 27107 -34258 31822 -14592 13050 -7487 4967 16218 21290 -7314 19708 15528 -530 -16238 33738 -19432 -4227 -3109 -2905 26938 30560 -23646 1455 -20956 -29722 29612 -27720 -10018 8137 -9925 -22318 -8891 28750 -32001 332 -11669 -31970 -16731 6080 4936 -19248 -4240 -15310 -18303 16761 -31327 25631 25115 -5529 3894
6890 -30944 1401 -21662 14157 10978 -34594 -12655 -15855 -6302 2110 668 -24302 24557 31705 -6623 -29425 -13765 22731 30356 30854 6621 -19697 17232 5803 -19011 -15161 -4064 29857 22812 -29076 4604 13100 -25279 29336 -30180 -18372 -12133 12669 -18397 -30002 5400 19655 -10344 25997 -18822 21226 -15027 28439 24806 -20785 -4303 -5146 7937 -298 19532 -25688 27809 -29940 -19503 18184 -33850 32868 -18022 12087 17711 -21739 27647 24406 13608 -21818 -32440 15857 -24403 24194 -34350 -5416 9435 -60 34731 33398 -25498 -24065 -9345 26235 11965 19038 6662 -21058 30810 -10752 -334 -25558 5263 3492 30350 31317 24145 29119 27057
-7141 -12795 30042 -28657 -27915 -29269 30173 32658 -16736 -116 -3055 20108 29321 25886 -9049 -7134 18139 -13252 -5815 -5050 -26479 25354 -29211 -31473 18635 -33937 13289 22799 13155 -16543 -6645 1180 21003 -14763 -11320 34189 -23225 -20014 -12827 24091 19835 10863 -23947 -33500 18577 2369 -24905 -22365 -32729 14448 -9416 25937 -16557 -27028 -5727 -27677 -24229 1470 11029 28885 -3904 -479 34456 7635 -13359 -4976 -32584 34589 28097 -33255 -5483 27854 16232 949 24892 26611 -5146 -24884 -31336 -21254 33041 -26495 -25139 7200 -33556 8468 -1279 1003 -8136 -13663 8393 14079 22119 24187 23404 11758 31644 2223 -32810 32919
12590 -24145 -19509 -22177 34469 -31659 -31316 -28855 4280 21446 -25759 -14980 -25814 13819 -9474 3834 28779 -32447 20709 -11052 29127 -3181 -16398 837 16208 -10094 25064 20458 7857 8239 -31714 20616 5389 15512 -19820 27759 27902 23890 6187 -1266 24694 -27953 -14669 13897 -15450 -24609 -5586 26687 -18835 9088 -21149 29601 -34451 -6263 26016 18160 4036 32859 -17490 30540 20615 26134 20515 133 11118 27504 19809 14895 -13727 14318 15916 -6431 2255 -2552 -32073 23166 -2926 -26666 1578 -27589 30398 -27580 -15852 -2896 -11293 -25694 -24491 -34794 1543 -30715 -14114 6106 21422 20847 34888 -12428 -26939 -20804 4034 23142
-32104 12005 -17932 -9405 -5334 18210 30967 7841 -30372 5181 34073 11198 -21743 33668 3679 -5831 27195 -24787 10670 -34897 -32872 -18301 -22982 -22241 -32599 -27013 -33312 -4417 26675 98 17099 7728 -29219 1638 3190 29732 -31408 -29197 -18808 -10 9533 29671 23145 -2772 28084 -33478 23825 6996 -12316 -3911 -25144 -11386 20063 24797 -26112 -7259 -14668 -31292 -13547 -27668 -3586 29515 19337 -32509 -11164 30433 31378 8956 -14248 -26728 -22112 -10697 -28276 18326 32846 -14596 -9020 21681 -19911 -10200 34832 34943 -12388 -12946 -16030 -9361 -5268 7049 24817 30496 -21756 -10571 -4838 -2628 -25785 -33112 1761 33239 -16570 -14279
27367 -10718 18279 14919 -20358 8970 -19695 -26936 23980 14944 -24656 1297 2796 -21490 12695 27527 14754 -2321 -32502 14658 -15774 -32606 33745 -24296 28280 -20509 -32232 33517 -453 -6812 21882 31955 20457 -21167 14543 -32321 10704 -34322 23645 360 -27783 12756 -24896 -25509 27536 33342 -19570 15702 14698 34884 19936 -25933 -8832 2836 25303 -4656 10336 34083 -29543 -3791 1091 -15869 7708 -27593 10415 -14199 -19983 -18429 18690 27777 19567 -31307 9165 23785 8089 -25232 11932 5770 -27788 -30598 -15176 -24187 -11761 -32225 -25761 27232 6336 -1015 25571 5328 -10318 2734 11346 -10040 17639 12172 -20413 -5024 -921 25352
11255 7296 -17608 -28035 22082 29725 -14646 -6453 -2294 21347 18813 -17882 27455 15772 -13303 23331 -20830 -22674 -15300 -3642 14632 21297 -12476 30384 16303 17116 -1294 -32816 -29418 3402 -8899 -5253 -32791 -1513 13482 31050 -2813 -3320 -13952 -15864 -24088 16012 -13091 15185 2347 -3410 -5904 19361 8664 -22659 8634 2178 32308 -21842 10093 -9714 34536 -11151 587 -2697 -22168 11197 12021 -28126 17039 -18525 -13484 -20194 -7788 10723 20202 -2568 26301 26502 -5355 -8205 -23112 5623 -27977 -1948 23305 -31228 -6558 -13082 15479 -8832 -14069 14016 33041 -13848 16276 -23612 -8856 -30036 -18687 -3635 2876 -29253 31590 26375
-16048 -23740 14812 -22465 -15601 22740 -29400 6001 4505 2995 -6089 21515 -7124 -19072 28157 26173 18337 16329 4174 -23104 31857 18789 -34518 1863 15018 14528 -30520 -14753 6606 18333 32903 -1990 17459 -17679 22861 1794 -6428 -24364 33646 -32934 23473 26168 24940 16076 3717 27821 11755 -485 29823 -7502 13368 16719 31785 6267 -4476 26164 -30587 27842 5278 -7050 -29794 -34475 14501 29569 28458 -4230 24467 13595 -33611 11635 -27832 -31508 8026 31957 1029 33901 27192 27510 -12204 10137 -28507 29528 -9923 28136 29980 4127 1226 28557 33287 23282 -11159 10557 34958 -31362 12850 13094 4614 20203 16224 370
10667 30640 23794 14389 -26576 5388 13755 6033 16185 16396 31535 -33911 30088 8006 8282 24806 -13296 16255 -18612 6875 -3791 3338 -818 -4601 33260 -26752 -26528 32288 27300 -32253 -30316 -1121 19209 34075 3542 -20886 9249 23095 32623 4706 -15113 -30420 -3531 15684 13615 16407 -7792 34807 -3797 -31044 7821 -23875 -22167 7915 -20759 -27290 -18050 30655 19504 -15137 24220 -17516 15842 5015 -30331 7142 -9401 -17346 32642 27244 2010 -27544 25406 18651 26099 -16378 -29792 -14662 -24016 12659 17805 33953 33186 -24335 -2627 30820 -27394 -11718 12352 8705 -12615 6848 -2325 15080 -9764 -13952 1038 -5999 -25433 4704
17542 -5104 -1131 11963 28902 -11757 11228 -31769 -18988 23326 -916 24167 19814 -8988 29741 28610 26439 -27767 29995 21177 14788 -19833 25917 -33183 26770 -28515 -20087 -30940 5713 -29239 -1851 -24833 -3816 -12972 4806 11816 21589 20251 28664 22046 6063 6906 -10446 28314 -33525 23058 -16525 -8496 19270 25806 21304 -2673 16445 -25643 18565 10421 25224 25944 22061 -1431 -18052 -27432 22293 28484 25480 14071 30568 2966 -2447 -1207 -26993 23787 32145 -4753 4549 -21839 -34327 27981 -27841 11521 -33641 15408 -13392 26722 9176 -11953 25822 -34845 31132 -8601 8053 -18957 -1243 -22900 1194 9961 32790 21767 -12751 34475
-11660 -23775 3671 -11363 -2032 -19184 -5351 -13491 -26897 -23850 -2419 -14395 -29598 18017 -21586 -31900 18654 27143 -23422 -7087 16917 4512 622 10266 22095 13416 13062 16136 22442 31387 24929 16594 4743 12085 15726 30633 15461 -21740 -17045 -28022 -30702 -18359 -3950 5529 21813 -6522 18380 -30681 28339 -5489 -22045 -34984 -20956 19779 -29218 -17949 26635 13899 -32005 -24915 -17360 32773 1213 -5191 -34104 -30779 5186 -2948 23090 -30008 17176 21280 -15944 31789 6408 4039 -5834 25107 5501 24172 15704 12788 14517 34934 32961 13442 -33873 -11832 6561 -11177 -26189 13838 25164 -4087 34720 -20871 7756 20762 2164 11634
1651 -18613 -28769 4025 -21032 -1982 30183 -26075 -9878 4997 -17763 -14268 -7097 -30035 -26223 17072 15662 -11944 -28703 34381 1752 -26191 26528 -1217 27323 8469 -1706 1041 9317 11263 -17715 8527 -23998 -3622 -12410 1908 -17246 -17770 -9230 12904 -1844 15332 -21973 -26144 26425 -26798 18135 -19570 -18031 1028 -22935 15178 1145 849 16716 -22357 -28590 -27312 6201 -26409 -1497 27572 11933 -20770 -811 -33797 34771 4219 23372 -8668 29678 29073 29753 4597 27900 -15191 14457 -15028 -29635 10860 15574 -33618 6430 -34961 18906 3650 -7464 29406 -27129 -30202 4054 -498 25456 14514 20087 -29599 -511 30040 33106 -11737
26336 26645 -34773 -27084 -17712 -31415 -10769 -17933 -711 -28145 -12345 -3126 11231 19208 6677 -6382 -8704 -10500 -16920 1469 -215 13165 12591 -26573 -23105 30054 23281 5598 26607 -13426 -23867 -15065 3701 -4207 8658 -29809 9610 13086 6748 10828 -7616 11370 -32857 -12612 15121 -1915 -17211 -24055 21702 -34788 -24121 -16042 -31076 -34733 9658 3852 -21939 8528 14911 22740 -30991 21670 -29905 -11911 -14595 -21541 27450 -21498 -2316 26442 -24224 -10696 2847 28222 13248 -9625 841 -357 -11981 21982 -22561 -122 -28167 -26951 -1999 4232 -15297 3594 27260 -27501 3265 -4631 25509 6479 18542 13707 -26743 14893 -3487 13143
-22208 -14314 -33497 33466 24834 -28933 -27443 -22377 16327 22773 25114 26231 3588 -21117 -26265 -441 -23060 -18868 28175 13882 -22354 -31979 -24451 27784 12732 -23362 18573 -28063 11417 -2375 -23110 29671 34083 -33621 20049 22427 22134 -28926 -10544 -31242 -8110 -3312 8466 12694 -9624 -30211 -11810 12780 -17026 -8477 18685 -27081 12110 31579 -23666 16338 -18094 -4657 20964 34793 19012 8807 16863 -23249 -29632 -32830 -12208 -26334 -28448 -12273 -28442 16482 -29538 27574 -25272 20524 -10448 28289 21385 -14309 11998 -28593 -27127 3363 -33583 6449 -33445 2797 -2495 16811 12905 4336 -14393 -14847 -3205 15100 -3802 -12192 -15661 -2969
12674 7553 1867 17546 -4438 30057 13207 -7283 33303 -6718 435 -3590 1101 -7105 -34189 14977 -14386 7386 21228 -6637 3394 23369 -23219 -32998 24232 13887 7534 -20131 8539 28394 23207 -22420 29830 -26552 -17814 26521 16122 20554 -17432 5785 15683 -19038 -23849 21350 21604 14010 5069 -423 -18079 17772 -18792 -27568 -29601 8907 -7320 -6896 8775 20757 -19253 -8463 12045 -31258 -24515 -17531 10720 -26738 7158 -34466 17167 34548 -9371 2270 616 26987 12909 793 -34054 -30961 1178 -24734 -3452 -23354 5077 -9105 -4323 -23197 22314 -28742 -20480 12928 5914 -29816 9427 -15856 -20679 -23630 33366 28415 -27152 30831
27371 29988 -20226 17584 -15654 -19151 -4871 32315 4483 -1051 23315 -2647 13675 12172 31886 -19697 -20585 10599 23040 -4067 -31631 -15997 -27801 -14321 -3092 5284 9263 -31533 -8136 13234 31333 -11357 80 -8151 487 24008 6042 11422 -12578 -16417 -3589 -28315 22462 22231 -13521 -18983 -22426 19814 -2844 30546 13871 -10777 -7881 16403 27325 11036 2197 -26981 -16304 141 -29851 28600 27197 367 -32079 5526 -16124 10769 -29502 -27120 12082 19728 8747 -1188 21890 -22451 21813 781 -8798 -21445 31977 18516 -25871 23227 -34876 -18460 -9901 -32453 3582 -20098 3648 -4463 -23600 14194 19253 32151 -3664 -12449 -18054 2827
-33169 33904 11337 -10961 17332 -4440 7805 -19347 -25082 32628 33962 9474 19484 -18512 -15877 -6874 -17477 -17836 24435 25116 10851 6731 7841 -33494 -23629 -31039 -3609 22517 24785 34384 -9930 -34134 29161 29845 -6744 13941 18774 18909 34983 -26081 -15261 -6220 -9543 -19923 11890 -10574 2703 -10794 -32559 -15170 24143 5276 -10320 -7425 30445 -21172 8661 8359 -12328 -1948 15291 -16067 960 658 -9066 13401 9223 -3088 26173 -3965 13613 -13499 -3909 21954 -2448 -28991 13166 32597 24504 18379 33226 -18099 -33858 23380 -23111 -15800 -8190 5165 -9073 -19930 -22554 -29494 21296 -18981 460 -31512 -33969 13494 23704 22152
-26445 -3363 30956 -26377 -15377 -32285 -30777 -13585 -31939 6854 -14922 -4608 -13027 20845 -17836 13096 18971 11147 22450 34680 17820 -8307 -13399 4685 -21215 33830 -24101 20743 -9487 -21562 32139 10738 30366 -1704 30575 11668 20984 17040 -29131 -33672 -2130 33596 -3552 -29776 -14913 -33798 -27709 18538 34125 -4417 9831 -33241 -8349 -14062 -1164 -6761 -29458 22636 25342 33073 31191 -3480 3588 -21462 6965 30385 34834 3856 16386 13566 19296 32970 25142 26687 -30510 -1244 9340 -2501 13827 27484 4581 17218 -21946 -3357 -23470 -16463 3964 11391 30427 -14767 33720 -3165 -21820 15163 -11364 -12280 22836 -32516 -12579 3155
28863 -14427 27095 2213 -31181 3235 2085 -23465 -1250 34898 -12910 -30890 22807 32379 -23628 23995 18112 3425 16780 4060 -10349 13845 -3721 29023 1561 -14066 5400 -25504 17225 7984 -23401 -29911 33061 31790 -30115 -32186 -34804 15805 26819 -24650 30528 19959 -7534 7477 -32500 23277 20260 -21380 -27667 3599 -1650 16383 -705 -2165 19264 21408 -31493 -9512 -850 -32130 7729 -28869 17631 28816 -17244 28931 11671 30502 -544 -19604 -5862 -3290 409 32819 27988 -4749 -34207 -9453 -6259 19867 -17513 13582 14538 24978 -12188 28944 -11335 -18374 25716 -23440 11215 -29374 19310 -32558 -32660 -252 -8746 -1191 4871 -24438
-30781 23668 6813 -8986 -8375 3889 -13178 -19507 29399 816 19557 13153 -12515 -25364 -17872 -33587 -23405 -9866 -1040 31428 13983 -33296 -28078 -33803 32096 17719 440 -2154 -34468 18892 30726 -7362 -3389 -6529 17679 -27700 -8083 -12749 -15927 -2114 711 -25990 10527 16287 11989 -34120 -10427 -31211 25535 -7608 13657 -4173 -18989 17676 -3535 -23426 -11303 16012 -15502 33996 7256 -32638 -25413 4097 1903 -21638 26446 29910 30479 -24660 9258 5890 25177 -16868 1937 -3623 22954 -4508 7387 -22521 15888 -900 -4727 -17119 -16366 15270 -24920 -6712 652 -9955 34752 -5646 -34834 30476 20164 3510 -6708 -2078 3071 10884
6960 23932 29156 5081 -31888 14517 -13624 -23485 -3605 1548 -26507 -9195 33517 23786 30043 -24767 -7853 12584 -18675 -31482 -12433 22835 -9709 -5073 -1656 -22735 23361 -11216 -6463 -3597 -8198 34886 13375 24329 33751 -20466 25088 -16624 18553 21972 -20860 -3961 -13731 22478 13703 26397 31401 -25092 34644 24190 -19798 -25722 3758 8630 28531 -13236 10661 8311 -23120 -21034 -29491 -20721 15421 10617 -23815 -1935 -957 11491 -14109 26450 -4740 -7904 20942 28174 30185 24416 7990 -16326 20033 -16797 -23629 -13322 16877 4549 -1666 614 203 7354 9854 15542 6932 -2081 29868 5476 -4339 0 14233 -9931 -11324 -792
-16687 -29705 -24476 -20099 -20191 -9160 11030 10581 -1858 25496 21393 17247 -9036 12280 -23095 -33235 -3205 -9926 2462 -29349 26830 -18982 -30990 -24791 -12073 -34282 31731 -32155 -11911 16505 -6107 -11771 18932 32230 18788 -8183 -14244 -25597 -6676 24674 15679 18216 25776 34153 7046 -22088 -25262 -13774 29025 -30672 -1957 -8936 -29085 -1494 -27554 -3547 -32345 -2662 33963 22580 27114 -25842 10384 -27160 2821 2111 -14746 -23090 -16438 -27155 18128 -7519 -1390 31749 -10375 -6041 -6647 28247 -6522 -13607 -33017 -1532 -8883 19261 -4882 25863 -7556 761 30179 100 25062 27657 33657 -22785 21263 34523 4270 16033 -12284 29342
1310 -7351 29193 14229 -13335 25112 17108 430 3260 -26041 10427 -27414 -915 -21398 -33863 -12141 398 22903 4205 12528 -12983 12922 -25048 10471 -21829 -6560 25336 19025 19496 -20652 25553 -12525 11665 9399 -165 16122 10151 25117 11985 -8300 13713 -6 5960 -14467 638 24532 -13271 6887 -26621 -3456 21932 28670 -247 1806 28541 -22572 -31544 3863 -704 -3555 -27103 -25599 -34833 21194 -33953 29552 21965 23201 -15882 12120 -345 19414 22627 -27076 423 -3888 -17804 -3012 -23726 -29780 -6626 -22335 -28085 -8755 32963 6409 16417 -12800 18517 4601 -3107 1559 3663 -7736 25456 -3821 -20031 6656 -24517 7644
-2248 -23022 -22765 -11221 17673 3476 -30581 505 -27353 22981 -31382 17765 18676 -19642 -25436 -8634 -26708 10344 -30733 7086 -20466 16542 -31521 -3905 33615 -15465 -2882 -19190 -2571 -27805 -17358 -32940 -15091 27571 -24995 901 -17042 -27053 -10530 21990 -31270 -10324 -1865 -10044 -5294 -3952 -33972 29673 -23561 -5269 -16830 -8631 -3926 -30214 -27670 27039 17280 21516 8306 9761 -23851 25389 10148 32628 10232 -24859 -28261 8865 -33119 29742 22407 3892 -17630 13399 6272 18555 21669 16361 6536 17781 -29791 -4845 -14028 22744 27580 15373 32259 -29494 -30339 -21243 -11506 26640 11569 1863 7350 10789 -3767 -6902 -21328 22139
-11322 -990 -7694 25557 -3971 -32474 16025 -27613 3113 20115 29843 20006 27505 -33041 15032 25111 -5594 -30868 1684 -27788 -23343 -18700 9385 -16651 32081 -16233 30881 -5145 5283 31588 13591 -4522 2215 -8405 2316 -15817 26967 8611 7676 -4201 505 -17977 -16333 25503 -15448 26271 30986 -21392 20427 25794 21707 5944 -1758 8294 -12313 33420 28026 -19921 3436 -12633 -5335 12153 6160 -22574 -32332 25177 -12468 -25026 21234 -20105 -7493 33830 -21305 29621 -2855 -30322 34701 12671 -9894 -23022 -30774 31535 24543 -31274 29157 -21386 -29966 -29573 21330 -16434 18399 80 19070 -30080 -4406 19997 22647 -34157 -26200 -22564
-25476 -32833 13596 24400 18102 -12291 -19484 -32838 -22068 22313 22740 -9318 27796 5035 18012 -18945 -10635 -27871 -5829 1712 -1296 -11391 25604 -33662 -24122 19840 -15050 -15919 -1798 -27265 -31445 -6855 23017 33346 11336 -2481 16910 -3922 22157 -27663 -25684 22672 28391 7561 5177 -5951 25735 4102 -18880 9244 -17374 -25351 32017 13062 13377 21217 -15399 10977 -15991 24535 -32529 -26044 1898 -11467 2443 -34569 -34897 -30854 2173 17556 -2045 25008 26544 -33856 -30027 -21906 -25325 7948 -34393 -23670 26264 33799 6414 -31430 5879 17960 17927 -13291 -1855 -26158 -31102 34792 -23730 -33048 6437 1859 -5838 -5419 30538 -18013
-31413 -12247 -10287 -28440 -11546 28156 30769 -23474 6101 -25079 29888 -570 28568 -16058 19611 -29474 -5480 31330 -14816 14975 30496 -23979 4954 -1455 -27939 1450 6247 -33524 7337 -5735 20903 25871 2848 -15231 27414 -19795 26021 1915 17088 14205 -1015 -25089 -380 -790 25595 -30465 3418 24383 13662 -12906 -33155 -9279 -14083 23849 -7369 -30077 -27799 -1347 -15727 31712 -3359 24246 -7422 2879 -4365 -16993 -21974 1418 18950 20982 25842 -31711 -31447 15953 4669 7200 -9648 -2594 -244 -25363 1147 1077 9790 -3744 -34845 10710 -23452 -14546 -30008 29561 1131 -13081 -16248 20927 5411 17133 27120 4557 -8442 -20987
-3291 21138 -11552 -26143 -19477 31774 25449 -26653 -29875 16253 17592 19828 2753 -26296 27389 -21689 -26064 -6400 -32090 631 -30979 698 260 26332 -3920 19329 34387 15730 -3519 -8735 -6332 -15872 -23611 2179 13852 10321 29247 8876 -8400 -15565 10422 -14288 -19963 3656 21534 -16362 -2832 -9970 30701 -17437 1594 -27098 -31460 1148 828 -32890 -1960 11409 -15816 -15695 5773 26005 8151 14644 29839 -23817 32065 34632 9721 -6415 7896 -31845 30613 -12233 -16646 -10099 -30502 854 13197 28118 363 18104 -6700 3873 22632 3161 682 10911 -20605 29095 5188 30736 860 -24222 -26059 -16287 19056 19556 25530 -11294
2107 -13328 -852 -24804 -20440 -31947 20549 12920 -762 -12095 -9268 11615 -4373 23021 -3164 -326 -7283 -2954 10951 -4554 26707 677 20961 32587 32549 24711 7810 9853 -7823 -29556 8014 -23903 -12722 26930 4974 3811 -31789 -18573 -13049 -34939 -32550 20874 -12495 21729 -6501 17492 7156 -13687 14768 16121 11309 11155 -19795 -11462 -27876 16130 7079 20662 24523 34673 -24226 5525 24359 -27159 23202 31600 13451 20116 29274 29504 -11087 14559 1721 32417 -31263 14558 -25955 -28142 -7195 -3747 -31613 31247 -21844 16428 -16537 32761 -7096 31827 -18577 -19468 21458 29012 7253 -13148 -32436 7006 485 -28733 -17125 11646
34211 24051 25560 -12231 -10247 -7220 -3674 -24775 -16780 -20285 16798 17879 -33687 -6114 -7190 -27165 7396 14079 19389 29754 -867 -27935 -12600 3899 12648 11862 -18365 12452 3283 6360 7477 -26401 28885 18335 -3431 33498 -23426 32384 18896 829 17047 22726 -27705 -12474 30147 -6256 -7995 1156 22104 29026 23434 26157 -30295 -32766 -12627 15207 -31961 -34287 -10016 -29175 14854 14566 -10538 -15892 -31951 7868 29115 18077 -34292 27844 -18707 17843 -26517 -30699 9168 7312 5064 -14541 -8473 -8391 20084 21289 17538 -2106 -15933 24050 32829 10923 8938 -32473 -19827 -32055 -2303 -29778 6011 23927 -18158 -28287 -20076 24319
-10970 3387 -19028 20169 -31789 24955 8109 -31999 -21754 13276 -26696 -11585 -15532 -17115 -6366 -25702 -15058 -19652 31346 1371 24610 24446 -34036 6377 14204 -1239 18965 22498 16310 16469 -3182 12976 -12648 14875 33944 -12800 28170 1863 15970 8205 -11725 19558 11239 30237 -398 2992 1574 25395 5378 -4822 8525 21439 18512 -20602 -29012 21310 -29610 -8492 -28283 -4819 -1123 17471 26545 -23256 4257 29395 -31591 -24580 -27751 -23142 -2544 -14853 -2543 24667 4442 14511 -14514 28576 -26873 24040 18398 -21436 -26389 -2973 -16607 -31697 -28889 -17631 9148 -34079 11769 -17557 -15961 22939 11508 -24420 -28031 19049 10481 16802
-34209 28531 -2572 -10058 -19825 9465 -6377 19996 12904 -25199 -31420 -21671 31582 -34422 -8980 5858 -7263 9564 -29225 -29493 5429 1561 -3190 1812 914 3856 -23759 32042 -2451 6038 -3963 27205 -12380 10119 1026 -28976 -6126 23170 29875 -34869 34242 -20751 14707 1467 24874 -17264 -27510 -30727 5168 -18338 3233 24693 -33382 -22542 -2003 5091 33546 6347 14132 29724 9253 -13345 28215 12917 14630 26092 11666 16142 20205 13213 7875 4833 13061 31877 25107 17604 -34729 -4459 20438 18529 9591 -22964 9065 -16031 -5107 -20967 5094 -28833 27855 31090 17901 -29921 -2653 -17163 -22338 -9962 -11697 -13475 6681 -2204
6158 -5020 34442 26122 -30653 18922 10789 -34766 -233 17086 7352 -21979 -30492 27550 30215 3518 17249 24599 21190 17483 -33650 33452 9351 -20753 -17292 -2564 16417 21005 15080 -5413 -23858 6670 -13713 10302 9743 -1034 32932 34030 18546 -3617 -9433 -24311 20702 30913 -32758 -18946 10469 19067 -7421 -4563 -33401 19266 -25359 -5995 6548 15523 -18791 -23292 -33697 -19723 5433 19542 13961 -16659 23094 11121 -23027 12907 13489 1365 -33373 -33311 5638 1916 -4223 7257 4585 2317 4154 -16192 -14495 3609 -1024 -19809 33139 33776 17531 -16206 24121 16555 29049 -13791 -18798 -9520 -28098 -8298 -33517 6733 5172 4541
-18595 9096 7434 -8971 -13431 19371 -24605 -12507 -29220 -34603 -6000 23291 -8504 -33287 -8877 -27596 497 -28729 12860 -25668 34713 -32565 27154 31623 -14252 3217 -31560 25795 -33716 -9756 19149 707 -11229 8347 -27369 -19829 -3919 -11247 -10031 32431 -22667 -23828 -2001 13594 -1893 21029 22949 869 -22938 16895 -14463 -9257 -7507 27608 27810 8196 -26045 -30649 -32380 -31742 30140 -15858 -34747 290 -14106 14467 -27369 -22414 715 27555 8806 34519 21754 1050 15343 17636 8611 -16453 -25400 -893 29981 5612 -17798 14587 -9117 -25510 -22775 8259 741 -4042 16547 12463 14732 -17243 24713 33140 -4075 34706 -20394 12554
-30432 3116 3321 -19150 -22982 22329 -3394 11547 32457 -31406 -22440 -6097 -928 -12643 12133 29732 -6451 12764 -16196 -1767 11716 18245 5471 22036 27322 -20022 -25531 -23886 -19383 -28474 24035 -17219 -15590 30732 28609 34694 -23538 9433 10772 -33667 -33764 32078 20800 271 16621 -21462 21257 -16305 -246 -13536 -33803 25948 -13287 -665 -33239 1332 -30834 -33311 4066 15695 27755 5541 -21556 6641 -14424 27000 -3900 -195 -13104 -21759 -27510 -15864 -21 -4670 12451 23231 8628 2525 20106 -12809 -21588 -28950 24205 3098 31328 25561 -33961 10060 -14238 -34376 27933 -24994 -1617 -5300 22019 -27417 -16989 -14292 24116 -3871
7996 -23514 -5563 13625 21785 -22 15366 18677 5172 3525 -2783 -28156 2244 -11053 31699 165 -9705 -7549 16076 -12746 20139 16322 26150 11308 1005 -25615 -6241 22969 24655 -29175 -4150 2259 32239 13820 -23885 -20057 24168 -14553 -27746 -22245 -3113 7296 32612 19628 18572 -34498 -20790 13927 -17282 2224 -29490 -31816 1334 7929 -20130 -8176 -34039 16016 26335 -10382 33887 7434 2090 34027 34620 -619 34724 -33088 -27626 -14982 -31822 -21911 -30962 13662 16950 32733 -996 -31255 13988 -11912 -18274 -21197 -9167 -21035 27442 27769 -20458 6256 -20903 20053 13226 -9610 -522 -34822 -2218 -34508 -23336 -22291 -11711 11859
-5238 21489 -23509 -16316 -11601 90 -1618 19793 7974 -26612 -16655 28282 -4925 31030 17665 15993 -22636 -20592 -26860 474 -15500 28103 -24086 1242 13807 -20147 -25404 -17478 8649 4455 -5618 26154 5697 31003 29059 -3775 9604 28939 21193 7473 9754 10147 -1121 -29563 24000 -34391 27607 -17030 -15071 28069 31215 12539 -27690 19770 -19288 11151 34006 28063 -27364 -12504 28103 22271 30346 31897 752 32588 -25574 -20531 26048 -29000 13532 8364 7069 11919 12958 5211 17608 2334 -16268 4410 -28793 8332 21923 -690 27698 -2195 29242 21046 -18088 21341 -10172 -15040 14227 -34885 -29933 -3281 21455 12486 -14084 -32827
-16831 -4995 -29339 -19883 27986 38 28111 18299 34951 9986 -34107 -17217 17921 24441 26528 33466 13092 17521 -8471 -31240 6914 -19670 33685 7484 9742 26658 33384 -10239 -19058 -6869 8115 12510 25522 33265 -24508 -15764 -30963 12281 -19042 6895 32643 -4320 10237 -31481 30800 -15567 3240 -8935 18923 -19029 22434 34186 -25696 34508 20674 -23205 -3127 338 3968 12445 -16694 -13716 10397 15281 14287 -24653 -17197 34562 13181 16592 9108 9703 16974 7303 25691 28090 11541 11234 -30249 17414 33411 17766 -3949 -8053 -21127 -10215 -11389 30585 -23662 -25616 20801 -6807 -11897 24249 -1264 11229 20342 -28578 108 -21450
24370 22653 -23717 -27664 13729 14677 25047 29672 24132 33049 -21339 -27563 15528 6575 -33996 16990 -31806 5360 18306 -4758 -28288 -11775 -8406 16706 17775 13773 21025 -6259 -11764 -20717 20649 3047 -10961 -5933 -6676 26885 20767 29554 -5386 33215 -31568 14873 25849 -10473 -15054 19547 4762 -30165 31680 -32313 -12513 -22915 -6662 -26731 -11147 18631 -4689 -6648 7035 -20300 -28139 30863 22313 319 -27073 -4222 -9729 -21765 -9376 -29850 24708 702 -32075 -14013 -15413 -16767 17068 -18896 22341 2243 -23479 -30379 24579 10436 -4443 25773 -30605 22579 -22445 -2031 -21427 8074 -9233 20464 -9840 25537 14902 -28500 14686 31445
6875 27900 -1080 28347 -34610 19957 -27575 -20763 -28394 -8595 -174 5496 16627 -30077 -19672 12371 34191 8335 33850 -3126 3758 19225 32309 6642 -18576 -27599 -31887 31193 13331 22848 9890 -5695 14631 7211 -30993 -19977 25657 -6246 -9686 881 -26367 -12513 4066 -7346 -19086 9473 -29582 32131 -19940 10801 5438 -1704 -13716 -22164 7378 23484 -21800 5590 -24605 -29436 16377 -30966 -8664 -620 32559 -16946 -23014 6521 -13447 22349 -27084 -10163 -33654 27981 3128 6250 -7227 14027 -25476 -8786 -113 24422 13440 26813 -3980 -19143 -2235 -6030 15631 -31815 -34775 3858 23783 33769 10390 -29220 -10230 -7038 32819 -4607
-10770 -7677 18655 -15445 7736 -16876 -23102 -480 -25703 21180 -27597 -1409 7469 -29346 -23606 8009 16832 17755 -19101 16938 14559 -3011 2917 10897 16642 1316 -21819 -26695 -27347 15668 -10208 10372 -14295 15211 -9158 942 -22572 27292 21604 -30888 14129 -28915 -20583 -9834 -10124 -31770 10022 -22695 20042 -24818 31222 28940 -3121 26698 -21703 -19928 -31697 24140 2280 -20480 -16185 8637 -12355 -7730 -2416 -23293 16123 31047 1683 -11509 -34057 -15666 4026 -10807 -31529 33271 2704 -12023 23769 -23113 -8561 18133 -8957 27203 -26702 -15063 27925 5660 -21886 31969 -15 14710 2751 32381 -18868 -27806 -27712 7561 5688 1270
-17358 26996 19308 -16097 -12864 8970 13582 18203 -33347 -21388 -21531 -1491 16234 31006 31800 -25983 8775 2627 -26988 19694 18007 15483 -2690 -31832 -18642 -9113 18272 26797 12934 -21085 -17173 -18209 26136 28111 -29640 -8134 27221 22371 22809 31449 15221 -17602 14555 -15480 -17684 11543 -15093 27080 8868 16689 -12682 5751 29516 -30025 27899 -27749 -26397 20470 -31807 30747 26467 27189 15921 -13060 -7094 -26067 31011 -10126 18223 -17585 -1766 22681 -20313 1893 7857 28987 -10543 19032 20570 -15156 -11105 13072 -18958 16586 -4182 14712 -20796 -13867 -652 17035 -20496 28179 1348 32555 -17234 26903 -4435 17805 -6593 30392
-16583 -14215 4185 5235 11765 -11319 24807 -370 -3429 19743 -29781 -702 23603 -1375 31233 -1204 8721 24312 26529 -19060 14233 -32170 13159 33345 -16985 32702 4932 21362 31375 23599 -27923 17951 4742 10535 29535 -17935 8641 -28278 14722 -15025 17741 -7316 -29794 14718 -8911 -4616 -23809 24375 32811 34037 11147 29528 25621 -5263 -9826 -24712 24735 31695 -23002 -10995 -24891 13110 8320 4834 -28085 -28124 -1896 -13156 -7812 30992 -13103 -24356 -14193 7553 -4200 -34698 2151 21533 -25861 24069 -30828 -4872 20449 -12461 24554 -11457 26120 -21755 -23774 29531 -8805 34872 -21815 -30173 -20387 17624 2917 6559 -31262 -32430
-4008 11859 -31476 -20474 -10983 -6039 7986 -32710 -16578 -6594 25083 -10592 24148 -15699 18081 -20606 -20039 18712 209 32209 -5831 -3021 12856 23077 3880 -17813 8523 -591 16707 -25262 14688 -19430 17138 -354 -20784 4233 -31884 5418 -2838 -12150 -25636 33503 -34171 14449 -3747 -25674 -24706 27137 -12829 8602 -21292 224 -14454 10570 -11475 12818 -6155 -13089 1610 -31914 21962 10501 21800 -5234 2069 -26956 -23547 -32181 5557 29660 -14914 18628 -31588 -26991 11058 11397 -7907 22585 30106 -26106 18756 -34465 -18326 4719 27495 25767 -34648 12038 1098 -22888 9947 10489 -33832 33832 29472 -13077 16639 1050 -28951 2896
30297 -25830 -30872 9955 7153 -11228 -24264 34717 -29707 -13280 30119 -18370 -17525 19908 -10278 -9181 -17042 -34402 -33770 -18399 -10985 4813 34362 -19710 -801 -7064 18428 21659 30025 -27911 -25942 7324 -13706 -9189 -7667 34136 -26021 28127 -33589 10151 -7008 6038 1387 34907 32504 31258 12166 12171 25490 28631 -23851 13617 -15528 6373 4458 -13463 -27121 -10380 9170 9942 33898 -9818 24078 31818 26225 23644 23853 24587 31933 -7717 -5486 2296 -30677 13129 -18805 2465 18503 -26554 34864 -20417 -32538 30338 12109 -21223 6245 34378 -30247 34133 -6845 -32156 -19097 -2907 16611 -22399 5212 14285 -2434 14533 -15840 -2555
-17018 -26995 -26240 -30589 26490 18828 33225 -2793 10982 -17724 31713 -10221 -14511 20410 17468 29871 14765 -8732 21435 -10857 627 819 24697 22498 -26422 -6449 25070 -13136 -18664 960 27153 23394 10238 -9429 26790 15890 2215 11846 29385 32776 -24520 32522 11007 6605 -33754 -9541 14620 -18280 27099 -23021 14305 -29513 11122 33238 -32694 -14157 -696 12948 -16630 -1551 -12470 -28424 -4719 -28889 -19249 28075 17242 5997 18571 -858 -26808 -34214 -13452 -17808 -27103 33647 -14773 -27405 10543 8344 7996 19862 34351 -16353 19827 -32851 27448 5846 7400 -28088 28331 34320 -23164 -21474 6122 1993 1084 -33141 34377 -20984
-8737 -855 31976 10897 -7678 -14557 29779 -12372 18972 -33733 -19256 18576 27411 23301 7295 -14707 -31111 33561 -1901 19730 7398 -16862 11384 33602 8188 -3451 11813 30472 -28056 3786 16532 -32769 1216 -20879 19767 -20919 26067 15944 34433 20616 -15605 16637 7700 -27991 4347 17492 31593 6568 8542 13907 4006 9614 4869 -27993 -12832 10714 9663 -7552 30486 7069 19491 -29260 -3109 -18979 -29339 -33216 11539 -20696 -30859 -33571 23479 14258 -15588 -661 5750 -32702 -23996 -22858 -21386 21504 -2148 -10636 -32946 240 -14175 22726 12136 -3341 -16980 3609 12015 -11913 21305 -2717 21123 28761 10010 17278 -1133 -34866
30096 3284 929 -14940 22571 -6709 -19832 -7319 21305 -24084 -1216 -21604 6227 -29349 18185 -27869 5570 -18449 -18950 -23887 -27667 5377 30453 14225 -23861 21054 29569 11867 -18150 10984 -7011 12341 -1546 28382 -6575 7253 -25672 -20003 6016 -5077 -7638 -30432 -16142 25332 13514 22383 -6386 27168 -16744 -29145 -33222 -26633 -31063 -19908 -9359 -14702 -14582 10176 30034 25153 -3132 29251 7588 -9613 30169 -15279 -4129 30086 -32947 -27822 -19958 30982 -1737 -5874 5053 25156 -19518 30097 -7703 -6635 13788 -33928 -26088 -3234 -26885 -22894 23277 -14576 3803 22143 23271 -8725 -4830 16024 -6740 12199 -8273 -1918 -3406 4300
-14754 -16093 10131 -2163 -20568 9170 -14298 -7789 25054 24897 -3340 -23913 33519 -12323 5637 -9080 -14942 16711 19840 12924 -8079 32602 -31719 -26644 -7666 -18825 -15806 -11882 -7607 -4089 10220 516 -19003 31904 19085 -2116 17977 -5369 20131 -18788 -7798 20641 -7035 25673 17404 19899 -31117 -21882 17274 2526 4030 -1534 26173 -11489 -4034 25531 -11725 -17978 -10288 11978 -22802 12638 7595 33804 -9797 -32544 -2268 -9743 -30414 33894 2538 -6457 13923 -26185 34604 -17679 7453 -25627 14212 -25905 -32355 -12977 -31117 18761 18594 -27967 11396 8337 -10098 -15154 -10906 6747 7479 -6219 17504 31705 -16466 18658 21524 -19913
-9656 -34311 14562 -11830 -10756 -17657 -9225 21517 -21662 -14121 -32396 5444 34947 -27887 11800 -22837 -33050 -7248 -27627 32967 12073 11032 6685 3428 -15997 32837 32228 -32377 126 -15504 -12428 -8410 -23979 -17761 28650 24202 723 -33704 -3572 -14225 -7618 4327 -22454 1240 -22093 -27930 -11184 27267 -34011 32257 -11602 26243 11075 -27824 -33360 -18185 13645 28630 13548 -952 -2390 23963 -22721 -22774 -23543 -23134 -34638 -21109 -14218 -4030 10027 4851 -25111 4823 33054 -13356 -19265 19155 24074 -23266 -31177 8030 21982 2163 -12836 -13970 28169 -20560 -29827 24370 20616 12039 -16837 -26780 25563 -22555 -31886 -25338 8464 23539
-34093 5220 -31989 -23656 -31414 11257 21742 13977 30706 30264 34553 -26782 24352 -18115 -4522 -13172 -22904 -18026 -33170 -10927 28348 22264 -34679 -11347 32822 -4966 -22001 -31458 18148 -4448 -12002 2468 -2641 24739 29777 -2508 34869 -9433 -8950 11058 33275 31398 -2193 -15081 28507 9025 13628 18640 -31441 -12118 10186 3399 -10278 -18170 -1549 402 -17959 1696 25227 -7141 10259 -26693 -16904 -12773 -25928 6315 -20267 25133 9570 34852 -34182 -15106 -21842 24358 12656 10289 10173 2803 -12356 19609 -31275 12838 -1894 9983 -27146 -10022 -6593 22679 11690 9508 13839 -12354 -17393 25326 26158 -19374 11702 -19633 -22520 21254
24498 11981 28905 -31987 24694 -19420 906 -4986 32342 -138 -18538 16263 -13311 -9234 -11505 -28736 -26293 8994 -9378 30498 31907 -32637 22651 -15116 -20171 11872 -30579 33933 4479 5558 32431 30427 -157 9761 8041 -67 -25879 -7077 28336 15403 -19835 -10072 9996 24677 -11747 7693 8173 25930 28962 -12784 24316 -6664 -20577 7431 17527 -14353 17424 -33037 -2144 -30464 -31936 -20969 4411 8115 -11229 -19345 7198 6618 -8746 29843 -32539 -23589 11525 -11877 -9703 22112 -23032 1670 34922 12833 30419 14301 -32236 21031 5186 1131 8281 -18201 -22052 31406 7266 -15877 -26088 32150 -5523 33460 25043 -10280 26652 22070
-30681 29759 19475 29997 982 -24581 -13513 -26342 6943 -4398 8331 -17145 19082 -3504 19475 22703 -16895 9449 -128 27264 -32069 -27025 29651 29434 13684 -18201 -17139 -687 -20745 -16512 30401 -16397 6952 -11291 33505 31036 22645 23335 -26494 33290 23470 -2650 -3269 17733 -11702 3968 33348 -12048 -22816 -26991 27537 1756 11113 34378 8326 -9932 -25834 -14051 19052 24984 -31251 19006 11261 754 27131 5999 -31622 -1936 4233 9558 31430 -18890 31542 25839 21130 18820 -5242 -3149 1736 29310 14695 14179 -172 6488 -26131 6328 34319 26383 2680 -24909 -31823 -30464 -33041 -18355 -16981 -4293 20795 34753 -25688 28780
6895 -23259 -6564 380 -568 -31268 25382 -26480 -24844 6363 10312 -10859 2995 -18297 11499 -20827 -3045 4035 -34478 15766 31699 15342 -27041 14116 28834 -14618 21410 -1675 -12068 14819 -25997 -28765 -17971 26886 32001 3770 25329 -2246 -15510 -10397 14977 10721 17094 -9820 31474 -26068 -5299 -33833 -24306 -18213 4322 8445 30022 -17789 -564 17619 34096 30714 31278 8536 -32040 -8873 17980 8958 -30392 -11042 -6339 -30680 10438 10012 3100 -19556 -16026 -20314 -309 3025 -964 -23382 -33218 -25858 16057 15040 -10095 -24273 -32348 -28351 -30688 29624 10703 -8562 -19141 -19792 4629 27653 -25275 -2705 -15669 27019 29879 3858
34341 -5331 2812 -31563 30599 7094 8088 24803 25084 11759 4248 -18799 30744 -17515 -8438 14193 9512 -32269 14736 -26002 14512 -17603 -11488 8868 -32645 33900 -33976 1687 -12169 20993 3501 -14785 -993 -32508 24955 6805 -30003 -31447 -30591 -15517 -32676 -13948 -30443 9641 7853 26135 19563 -3126 -18783 6777 28674 26755 24429 -9004 -6289 -24647 -32689 -22859 26084 17338 -31766 -4374 14109 -28249 11253 26916 -30189 -11398 -20798 26928 1195 24230 11299 -20089 3699 12979 21099 8602 -29299 31189 -16498 7965 -2277 740 -13090 -3229 8072 25680 11611 -33433 -8095 6255 -33292 21417 10328 -2752 19904 -31337 -12392 -33631
-27025 -28540 9193 -20478 26304 -18245 6231 -14532 25301 -13517 9042 19875 -21848 -5184 957 -33961 -24843 24365 16361 33486 -17442 -24982 2044 -4262 -33387 -8969 -19914 25606 -23477 14824 11727 -32018 -29662 5193 -18368 -19333 -26890 2525 2764 12373 20325 18997 -16028 -26608 -32951 -9290 -8985 14878 -18102 31814 -14462 12269 14593 6415 -7909 13452 -30925 4796 9316 -14018 9665 12132 20868 -20995 4741 14154 -2285 -18271 11863 -34038 -24406 4222 -25046 12696 -32729 -28956 9015 -32859 25150 -6986 1888 -9771 -22269 8175 11958 -11994 -15492 32545 11357 1507 12229 19728 -31865 -23363 -14448 30317 29159 20649 2381 2345
-22038 5597 -34194 6878 32852 6004 -16848 -25007 22041 17202 -11118 -12657 1011 12324 -25716 -3823 -34668 -4128 25129 7496 -19541 -13849 -20008 13965 14107 -402 -28656 -23746 4196 16352 27849 27348 17893 17188 21113 -27502 -32754 -19075 -9753 -17724 -33744 8987 -20485 -26233 -11508 17365 -15645 11756 8232 4075 -20351 -24832 -11117 -29129 31688 21611 27301 -27150 33362 -23781 26558 8699 -8307 -18454 18331 -24083 -10738 -33260 -4206 1558 23288 -25432 20577 14553 -12105 18316 20704 -28846 33467 -24709 31343 -9460 -3380 -28876 -1406 -32529 22534 -3556 -26740 9506 29510 -30009 -16141 4712 8409 -13824 -30694 7567 -24893 12766
10402 -16092 -29397 31815 16805 29562 30745 20869 31368 -22355 -33054 -33760 17367 26208 5383 -18477 23977 -1014 -7465 21946 -20077 -21562 14428 -1164 13943 34034 -27419 26639 -13041 -20238 27771 15984 32265 23486 -5953 -12694 -14940 -15573 -32500 -29304 11574 -31835 -17676 -7105 -28427 -12099 10365 -5325 -27962 -33668 6451 34340 28052 -21816 -12156 5116 30644 -5214 11417 6746 32871 -23962 -20006 19811 -20377 -6943 -19767 12035 17450 446 -17671 7874 -6871 6671 -11878 -19979 12195 905 30808 -8473 8122 -28142 17704 -22260 27373 23234 -17474 24085 -10261 15768 -27897 -14514 -7147 22338 31867 -29257 14456 -3018 -8170 18404
2233 22836 19520 26962 26524 -12238 34555 -2368 -18091 -23649 -21576 2639 -23628 24561 27236 7518 14835 -512 19814 -29057 -31167 7380 28300 -7397 -31889 -16365 -10234 -29289 28164 17668 -13116 9882 -32490 28217 -2285 -4521 16476 18579 -34416 -32523 13257 -15608 -24524 -25000 2604 9081 3420 -22791 31180 -12754 -4615 20538 -16093 24911 -2767 25932 -12647 6247 -22169 27838 6087 9438 21182 -20265 -6118 -217 13707 -24006 -28515 7606 32447 17298 -8696 10285 13235 12146 -18720 33303 -8127 3735 22823 -18295 -18251 -32708 -27012 4023 24180 -20593 10568 -2858 22517 6751 -33605 5968 17405 -26696 -34621 6434 -11437 -31628
8792 34867 -6445 -31087 32895 14796 -4174 -28534 16405 21780 -28085 -3878 -9381 -3097 -7922 12249 -3805 224 309 22227 15265 17052 -10284 24259 21367 31694 3521 4340 35000 10282 12065 24070 14927 -22863 -29997 -22165 -19931 33943 -4420 32554 -25407 5762 6507 -10520 3854 -33646 -31226 -29256 -13232 -23791 25890 -11252 -18335 3283 27516 -24786 29757 -7775 -9807 -3726 -34711 -31120 -14936 20608 -34813 8332 -1021 -32676 28094 7112 -14980 6125 -24794 -6093 5463 -10937 -14743 27810 -20569 -33789 -10317 18551 -20255 -3557 -28123 24900 -18413 -2372 14399 5206 27621 23682 -10764 2216 15788 -34838 4709 32772 -8932 -31732
-8352 -30263 -14198 23295 4155 10490 25877 -16443 -13445 4686 11884 11379 10805 -14062 16394 28347 33709 -30282 -34320 -9273 -3842 -29806 9311 26037 6246 -27263 -34843 -23187 -24621 -24560 -18985 29902 -9308 3452 -10676 22509 -1728 11837 23824 -6564 -8898 -31396 17545 -32201 -6031 11627 8950 23664 -30343 -9784 -30407 17162 -7170 9153 -9009 22443 -23861 32751 -34712 4239 13188 14417 3806 11253 24040 14696 33465 31598 -11286 -7966 20532 -7574 22804 9489 20454 16710 8327 -30544 34643 -30866 -17846 -28550 19031 -31664 34882 -18617 25286 -24220 3787 7956 -3242 19382 17456 -10161 4319 -3373 5910 -22101 -3454 -23876
-20457 -28730 25112 -21978 -20952 15273 438 -30113 -13271 16815 8120 -12299 8497 -26701 27750 26696 12137 -17769 -15873 13330 -1582 3793 34994 -33710 -16311 -10061 5655 33019 -26035 6154 6636 -19330 25664 29523 -1633 -8096 12351 14401 -29585 -27647 -958 -33241 30650 -1029 -10805 4688 -26191 25952 1042 22183 -22775 10567 -34510 -29730 18977 27144 24597 11039 -5869 5885 1657 8333 8777 -25326 5262 4665 21060 8361 -1701 -1437 -11986 27923 -2650 -750 -8449 -19700 21122 30107 22332 -11958 21334 -32712 -12209 -19929 -29749 7985 30635 -32554 26670 31079 2158 -13451 -32130 -18285 30849 -25964 28191 22138 -6508 15754
-15660 -23387 -13893 29152 17708 12325 -23615 19033 -26080 -9997 -17098 21194 -6752 -27305 -26634 777 -18851 -22040 -30754 10641 21962 -29250 -9302 15374 16799 26272 4435 -15884 15306 -22197 -11187 13204 19533 3514 18398 -6195 -16236 -30639 -12940 -19428 -15246 -18588 -5649 -12818 24742 8959 30002 -4317 4658 -11958 -22080 18908 -30322 -29690 -30518 10872 9777 6440 11036 -24251 -23830 -33855 1002 7708 8969 9572 7750 -8232 17847 34858 3072 -2522 25527 -3507 31468 -12441 26443 -2310 34379 -12717 -26819 -30905 21184 2677 10016 -33767 13539 -22592 -12788 -24475 -18214 -21090 22055 -15124 -490 434 -12987 5660 30309 28066
-25552 28822 -20178 12131 21794 28646 -34250 -31855 -30285 7513 2678 5180 8865 14025 16319 26067 19647 -34079 28673 5005 11696 -15113 11873 25980 15516 -34273 -5312 -8449 31883 17711 -26921 28525 -9772 -25380 -5128 -16114 28662 32531 20425 -15790 -854 17070 -10065 17837 -13861 -28515 -25443 8100 -18725 -9540 17816 24053 -22057 -19105 3824 -10146 10253 -19961 -25714 -20073 1235 -5568 -24113 -9038 -32788 -33420 28492 6789 -11820 3224 29421 -29742 28919 28240 22882 19946 -18129 -8740 16402 -34997 -26001 15214 -5288 18753 9839 15392 -23147 901 -1225 -34802 -10066 13972 -12740 28762 -31923 -20973 -11362 29874 239 -27422
9199 -33601 30431 15291 -33127 11822 -21518 -22802 -2762 -29449 -3876 -18384 17335 5893 -9855 -25195 -34851 -9292 -3371 12258 -33602 -24743 -12373 30499 -17605 34125 -24225 -31415 18596 -22504 -12214 13405 35000 30985 -11017 5511 -31849 -29702 15285 1276 1221 -2641 -25015 34186 16719 11487 27569 -29093 18682 12596 -21899 9990 -22387 21543 15821 25444 27184 -8889 17618 -16655 17377 -18027 -28018 32888 14984 10602 -13220 -13867 -23977 4948 26911 27544 15816 2027 2821 21236 -28035 29522 20283 -10443 -4485 -17399 23818 30985 -4765 12971 -23982 16285 -3138 20258 -5251 -2140 -32865 23589 -5355 -18698 22453 14870 -10608 -30381
-5758 16918 -15608 23733 -30551 -13116 33369 -11272 -21508 -8547 -21741 11628 -6413 3110 20017 -19168 -10764 -17522 -2048 -26330 -24552 -16831 -22279 -30285 -2149 2886 24435 -429 -27240 -15363 19626 23913 -33126 32124 17232 25667 -5723 2815 17852 -6888 -2361 30864 -31777 -8069 -25209 10591 13038 -33469 -15767 27519 7268 -17450 25244 -4726 27137 22095 30291 -23263 -2495 -10058 -21077 9726 9508 -32868 3034 -26966 11504 -6626 -32394 3403 -25795 20691 -28164 -19192 -22064 25148 -13113 -13408 29151 -8495 7378 5160 -2479 -10143 34284 25581 9570 14161 -30401 7715 -7534 -19167 -33916 2855 18015 -31259 28508 -16310 29826 32475
-17702 -32348 20402 27822 -15385 -7346 -10373 5427 -24070 -2303 16252 20353 9116 6765 -1844 -33077 -33560 -21169 -27151 -24851 6248 -11605 -3967 25306 904 -21311 -11102 25033 -507 -5899 -20096 -31338 -26645 9871 -21998 -7827 7454 -4743 -723 29207 28549 -32465 -23954 -5772 3015 32776 -34448 20133 12819 -568 -14194 4434 13825 15632 -9196 -14285 -28457 -8726 -17922 -12893 2678 -8476 23214 -29298 23479 -7179 -17281 -16894 -13815 -17811 12471 -13402 -16790 -8415 53 5275 -23904 676 10416 31954 32356 -20473 -33319 -28546 -12071 -13549 -22255 23348 -19728 -11255 23724 3393 17683 9693 20864 13522 21833 15513 27943 16684
31811 15192 4359 16443 -25546 10688 31782 -4209 -30731 26706 -22212 13987 -21038 19794 -8045 4524 8124 30152 10464 2696 -1950 -25085 9719 -6464 26589 -27740 32330 33844 27633 4351 -10825 17711 24301 5177 -28537 -2135 25518 -30935 24154 -3367 21076 -15667 -33353 25882 5002 21649 -33525 -10239 25704 -22403 -12835 21682 -21750 -31026 -11 -20031 -34566 26432 -11471 82 -4694 -33609 -26880 23610 -31812 -12375 16279 -24359 13224 30675 -12742 -34773 29718 6857 6644 -5717 -24461 -22604 -23700 11578 26573 -8764 -34631 1564 32748 12467 19456 -2950 -15052 17278 16851 26123 843 -7405 23464 5440 22945 30379 31681 -30067
14895 -8608 22321 20920 1619 -8280 -17564 -25909 11409 -23925 -2947 -24543 18455 14815 2805 -5994 -8930 -23617 -15643 -25777 -16958 -28332 28089 3842 12415 -2025 1379 26100 34793 -29376 -9883 -17717 13600 31430 26577 -14582 22086 30600 -9993 -24165 5632 28300 32786 2083 31011 34873 12195 32253 -5416 29179 1245 -33649 30370 -26652 -24148 7252 -27958 30566 -6944 33888 -24698 -30494 3326 -1804 26326 -4619 2403 6975 -23728 -14386 19779 -16709 13020 -9307 11974 -27960 10142 -3427 8679 4567 3888 -34204 -6394 -17813 5706 -10107 25134 -4792 -28068 524 -11002 25358 -34023 26074 7453 -26837 31749 -3405 1548 1812
27729 -5997 -30883 2192 -14795 5767 -26387 -24750 -34714 33105 6231 22765 -26493 25825 -10373 -3142 -31063 -4408 -20463 30722 2600 19450 -19768 12188 28111 -18632 4462 30970 -19490 33262 24141 -6910 7851 6619 -25182 -27982 -30796 -12088 -24160 -15514 -22128 14187 3623 -31187 15545 8367 -8333 18225 16439 11081 -13974 13567 -6300 18984 -7566 -19887 -13203 -32732 25598 -12781 20591 -12287 -2668 26948 -13679 34082 15860 31168 15583 -2910 -23584 23871 -24919 6793 23379 7426 -33325 -3229 16837 -32769 13644 3068 32037 -31179 18192 -21885 12960 -17556 14168 -30496 4593 25017 6176 28878 -31878 -29155 20017 -3676 -4228 15175
4747 -11939 -14369 -30745 12835 -10598 -23006 -19691 -29296 27984 -32941 -4016 -20554 -23939 -19527 -17386 8850 -26597 -27536 27574 -24905 -25514 -18965 -28480 32162 8415 -27739 -3312 29928 15230 12206 24478 -8812 -17281 -2784 -742 -13476 -945 15734 22856 -33975 4379 -5390 -29268 20266 -3336 -14790 -2259 20158 17307 5884 -17417 -32285 10534 -30928 -8823 29065 -27295 -6462 28583 2030 -15350 -18367 9077 -15748 -5361 12381 26825 -17205 8874 -27062 -8638 21963 20965 25057 13367 -27445 34610 -12630 5804 -26791 -28336 28934 8388 31460 31341 3472 8186 -30826 -2266 10872 1137 -10894 -8430 -24041 10011 11244 6368 16462 -935
-33071 -26911 34913 6224 20099 4301 6371 26487 -11124 -8669 1595 8430 -26008 13392 -33894 8734 16505 -4176 4223 -7667 29755 14834 25586 8597 -5057 14993 16028 -2224 28772 20415 -8025 392 -25596 -34287 34506 -6332 -33088 -34617 -24135 2653 -21201 20684 32358 -23637 1363 7029 7341 18232 30768 -6143 11233 1294 -21444 23436 6922 -17153 -18176 -8289 21205 29232 31770 3663 -31455 26373 15158 7872 26521 -29103 -6286 -30170 -3438 14210 -17340 9329 -25650 -9949 -31944 25162 17088 34599 21906 -891 -12758 29368 -19627 16964 -24959 -11371 -29501 -25424 -25512 17811 -27688 -726 14202 25212 6371 6936 -27302 -7557
20020 12859 -32126 23761 -2888 12183 486 22281 -1865 19081 -21181 30708 -7456 10029 31779 26392 -1294 12565 -29608 -22991 -19016 -25497 15475 -6302 9355 -13564 5981 -7446 -17188 30527 -9176 -47 14703 -2005 1497 -22275 14721 3673 9354 -27837 -9358 -16783 -11164 20548 17828 4311 5548 31749 -14213 12182 8153 11476 -17573 -10392 7075 21173 -25390 25027 -20608 -34223 29592 -5979 11792 11317 1791 15380 -9795 -13545 23025 9182 28975 27753 -17350 2650 -33533 -14656 3938 22806 32040 16321 -20856 7658 6738 17706 -12826 32470 -22057 -11070 -14822 -18706 34829 7648 7480 5757 -25830 -29655 13886 -22375 7219 8994
-17683 26159 -3755 -12631 -3809 19439 11428 -24162 18386 21726 1091 10830 -5846 3560 9309 24221 22093 10095 -28744 8613 28569 28422 -11973 -12741 -587 25240 -23003 -22406 18455 14538 -1563 -32735 -14682 -19089 -8473 -16887 -1538 7007 17372 809 -17663 27097 -3007 -19273 1500 11716 -20035 9461 8311 -1623 -30527 6160 17922 9585 -32120 -14407 -17568 30925 32000 19113 4396 31255 15382 -1925 1582 -22291 -20528 -11254 14436 -28603 6167 -14424 -24423 14015 -17695 -1372 -11064 -25961 5235 -29184 15566 -15931 32203 -6694 8869 32472 -33598 -27721 21376 33960 14332 -9140 5000 -821 -26732 -6097 26114 -28201 2316 32341
-12806 -25866 -1278 32098 -23947 -9849 30767 -27010 -27269 5871 -16880 24268 -32993 -34439 -33644 18824 5787 31467 -25379 -34031 -12071 29631 15529 33354 -6396 162 31615 -24901 -20525 -21058 -25584 9792 -11597 898 -14302 26592 9629 -29418 -5740 -9975 16023 -22150 -20855 14035 8534 19847 -15924 -24259 -15713 -26017 22548 -32601 23734 -31908 -2155 13023 -6159 4117 20290 4572 27666 13968 13450 -10543 -11471 27542 -7337 -26903 -554 3953 -29100 22892 -22550 17018 12110 -33363 5087 -32489 -23611 18402 2932 -32343 34962 33213 10122 -26276 22206 32409 26025 -14283 24231 22057 -23443 4241 15465 -17188 -22668 -12896 -17258 -22529
-23347 -5877 -15202 31297 -186 22284 -26523 -7983 -20146 13394 5216 25723 -32401 23586 10276 25715 -16914 18186 3956 24616 -18362 -7393 -28396 30796 26271 4984 2182 27730 7746 -32841 19080 -32213 16874 -12446 6440 -21193 33911 10714 3331 33072 24476 33975 28877 16601 -28226 -33371 14410 -17260 -17110 28657 -14009 13524 18433 -18508 1704 -5228 6794 -28394 15389 -33141 22103 -3492 10241 -24668 -15572 8648 11042 -11652 15269 11662 26380 13717 -29806 2895 -14080 33523 7947 1990 -33431 3912 -14092 22821 23056 -18787 -18422 -4095 11091 -6162 -10175 -27329 33224 -6027 13076 -21916 21621 27408 -24018 -18029 18594 -5561
-34831 -28864 1672 -13410 -33090 8180 6264 -199 -5536 -22188 25128 33307 -5973 -26424 -31275 -32400 -23667 -22733 -5263 -1307 -29604 10292 -21859 8743 13261 6967 -16513 -5680 -15068 9164 -9738 -26838 -13140 18842 -9012 -22750 3500 -5189 4514 25926 31688 26619 2835 -17613 6945 -34021 -17600 -2075 -25069 -34298 17120 -14705 -6687 -30551 -15792 -29140 -28481 10285 -23327 -13847 -165 16823 20203 -11582 -27764 18268 14758 13966 18347 -14572 33872 -26665 7183 28199 -24671 -33946 -13932 19453 30006 29710 -22269 -17948 22581 -24018 -32541 22754 16262 -18222 -7577 70 13173 -18042 -11016 -4311 22243 -26000 -22973 27531 -17651 5752
1876 23636 30487 -29704 5990 -33436 20873 34860 10453 -25957 8601 13370 5896 -24372 29782 -5145 25679 -3949 10322 18469 -23481 17815 7727 28922 32002 17910 15252 -12292 28732 -14497 30298 -24893 -28322 25038 -28264 31562 10662 19603 -33141 -18458 3464 -5420 1206 -17815 4232 4998 8970 -13386 16543 15131 -33042 24630 -27754 12714 -5313 -13176 27796 -18041 15170 11608 4693 -16670 25245 9773 -303 698 -4215 9231 3748 9320 23768 -15892 3057 -32954 30024 -21022 14313 26987 27548 26822 34661 -33766 7742 -32169 18349 8082 33631 -19732 -18028 15709 1462 -23601 -10432 3780 -7039 -33442 -14962 33956 23679 25377
10322 4463 24514 -12606 -69 13123 13402 14530 -14737 -31023 23861 11375 -12879 12743 -25639 1774 17623 -5989 9698 -8744 -30277 -32245 -11806 -34136 -6045 -13249 14812 30533 25466 -28298 -19695 32331 25237 1389 -14731 -16174 20656 -24143 -3816 3223 -778 27100 32598 -28351 12014 33643 -9052 -33303 24799 2216 11303 22008 -23856 -14996 18532 -6715 -9911 -31207 -34165 32824 -31278 -27860 -25160 29024 4044 -18932 15892 -11192 -16355 26198 12704 16747 32071 -22239 -7429 10916 -15141 -15244 9712 -4533 -16549 29005 -29538 31776 8427 2133 -34159 2497 -20628 -5173 22012 1881 -30351 -20398 32019 -22417 -6279 -20070 9727 20863
-33565 -15575 -13663 32205 32724 -30013 33528 29538 -22647 -1304 18998 9468 11082 18169 -7862 -3505 -4894 -26572 -18470 23368 -32998 -269 -27065 -16437 -3766 -32730 -30931 -33722 11977 -15850 -22429 -32898 12946 18196 -3372 -18263 5781 724 -4527 -942 -20347 138 22467 1640 -26429 -28995 -31475 -13258 -371 -31124 -27798 -5832 -844 30014 -19586 -9469 4923 -1307 -3552 1238 4498 -31743 -18495 6003 -11255 31270 28010 31137 31870 -2755 -9278 9432 -12181 -16784 -27727 2349 -18737 -6229 18286 -23250 17196 31291 -13531 -5841 19016 -28572 -10058 19740 25972 29747 -31327 -32385 1140 29716 -29931 -27374 -1955 -6071 -22721 15248
-7296 -10375 19476 14287 27822 -3714 15637 27170 27440 -4296 -11741 -1934 -19499 -3915 -3944 -6628 34564 -22492 13286 -29902 13789 6353 -2239 -34471 25980 18419 -33444 11599 20456 3920 3563 3907 -16575 -18889 -22581 -24891 27420 18835 27428 -12831 -33155 7356 17319 4766 27409 18626 -8059 34909 371 27804 17837 32837 -25724 -688 -74 -27210 -7702 15354 -12743 28623 -28383 15182 -3137 11690 -8785 306 -22895 21440 6675 -25500 -29162 -1479 15188 -32159 -10019 26299 -8647 21345 -8375 26627 19887 14519 -32692 26446 9842 -25865 31326 -8616 -19015 -16001 11508 -5789 4085 -2735 -14288 29686 11192 32686 25278 4251
10779 14005 -4423 24094 28708 -25264 28495 -17081 15371 -12030 15324 -17775 -33650 5060 -22236 13265 -21222 -21677 -3561 -31493 23347 -9847 27796 -27130 8869 13579 -6710 -9334 10326 -9510 4899 5230 25743 26701 30441 -18836 -7149 6132 -29493 -9039 27439 13981 7023 11165 -3922 -23594 2542 2926 3306 -8597 -15641 22208 -4093 -16427 31756 28128 33222 29708 -1941 -12049 424 27594 -12955 28810 -14090 10217 -8188 21358 -30940 -24596 -9572 -2156 20014 14682 19892 -1896 -22144 34219 -5540 16340 5018 -20051 -18796 28252 8166 27149 22104 2922 23048 17528 8667 21876 15348 -27792 -2876 -7372 -18216 -26597 -21853 -7440
