20
  14  -12 100   92  59  28 -30  73  65 -32  19 -49   5 -70  50 -26  26 -29 -22 -98
-66  -49   9  -14  22 -41 -45  67  14  99 -81  80 -82 -10  39  92  99  95  23  17
-26   -5  86  -62  28  93 -40  46  45  76 -12 -57   1  33 -20 -21  -4   9  41   3
 -8   44  -6  -97  65  76 -82  97 -58  94  66 -16 -41  46 -88 -12  69  56  82 -47
-92  -71 -91 -100  26  31   3  35  37 -33 -59  73  -2 -76  48 -64  90  97 -57 -29
 40    9 -10  -34 -32  42   2  36 -80 -89  39 -89  57  -3  -6   9 -37  14 -76 -10
-49 -100  53  -35  -6 -96  56 -22  23  23  47  -5 -84   2 -43 -20  90   8  21 -28
 28  -58 -73  -84 -98  51 -62  89  55 -96 -12  62 -19  86 -63 -95  45 -73 -98  37
 35  -57 -54  -43  47  57  13  78 -67  41 -80   1  69 -79  12 -84 -21 -47 -19 -26
 41   62  64  -93  -5 -93 -10  25 -74 100 -55  32  88 -41   7  78  18  60  16  93
 17  -13 -12   50 -14 -50 -55  44 -72  25  76  92  54   6 -53 -46  70  53 -41  22
-36  -67  50  -77  97 -74  39 -78  51 -65  17  33  19 -71   3  46  -6  87 -93 -96
 70  -15 -30   44 -13 -76 -16 -89 -15 -72  27  78 -34 -90 -40  25 -71  57 -11 -58
-73   26  58  -25   5 -51 -25 -44  55 -52 -45  60 -80  79 -54 -86  -3 -16 -54 -37
 47  -22  92  -48  29 -88 -39  40 -40  -9  68 -87 -15   7  32  33 -37  54 -18 -68
-89  -85 -37   40 100 -14  83 -88  54  77  66 -96   6  58 -39  31  48  -6 -83 -47
-11   38 -45   42  10  88 -29  73  38 -65  20 -97  -4 -87 -83 -37   5 -72  55 -27
-36   51 -63   41  53 -22 -59   3  24  80  45  51   8  69  89  58  60 -14 -79 -63
 52   33 100   -8  28 -92  -6 -37 -85  14 -63  80  71  17  -2 -55 -51  63  18  71
 -8   67  45 -100   4  -8 -83 -32  97  17   5 -71  24 -17   6  66  49 -27 100  86