-2110560119 -1763453160 -997876098 -181963235 -1930963477 298983242 975347115 -9357634 -1893701657 2027851436 
1055874246 -643158460 1958603324 -332210277 -1721845635 -424032139 -1769319648 1655216327 1978480477 -1581482498 
-980070231 1141491630 888320935 759099028 -1251895107 725424980 724345537 205991013 174575929 166045852 
555550732 1715685343 1701548466 343271274 -1316284186 1440990735 -1123621254 790904664 -2118048681 -335222677 
139118008 -489590508 -583792727 -910781599 -857170881 81220658 575494290 -452285068 502567468 -1749359062 
-1397165050 -1106395888 -981964341 881403278 910039734 190154067 1498990966 1502162566 1354208262 1471306883 
-1447654216 -206579444 -980583879 654128709 -986072208 87767105 -467514423 55392321 85925855 622018416 
27474589 -1962725187 -2020365272 -400018571 327840775 1685514221 -219747913 1575486758 -606637330 1241306726 
901743613 723452253 -1644018395 546445849 567753327 1285525553 -645292646 -562962102 949526268 -223256225 
-1159916426 750958834 -1263895624 1598678559 -1942054000 -1449100058 -1667967953 825359752 1659869976 1455081801 
