-19371 2473 -2783 -3888 14402 12146 -687 6579 13913 -3822 -15192 302 -3218 -29635 3986 -3865 15350 -353 5865 -12736 
-6342 -20143 -18300 -9332 1148 8600 6480 11022 2967 8879 -18908 24884 835 -12072 -18211 -24154 14100 -1935 -6125 2602 
8558 385 -16126 -19845 4367 24304 -17870 19828 3720 -34602 11554 -5159 15901 -17474 -2570 -18377 -668 -3671 -21601 -21403 
-22275 -13459 20545 13885 12721 -43273 13563 -20844 8748 14404 2389 5187 -14572 103 5408 21446 13684 21542 -6930 -5175 
7232 -6559 2874 -26454 -5614 8630 -14396 24630 -547 16827 -16517 7708 -106 -9 10224 678 18327 -227 5058 10016 
14487 10727 10092 10325 -5779 21663 -8954 15002 -22395 -12912 21478 -9514 -1210 9771 -7554 -20549 -16369 10548 9832 -10784 
-23714 11011 -7197 -9891 8721 11473 -28434 28010 22954 19218 -29190 28179 6927 653 2630 -11505 35214 -4482 -2694 16373 
34602 5096 13960 -15491 -26402 1871 -8286 21577 -36298 12334 -2623 2672 1463 11024 -10964 2399 -15316 5374 22575 24696 
4141 15546 1144 -15283 -12924 -2563 -17024 8301 -2598 -28767 -27006 32051 5003 -11902 -9358 -25382 -775 7503 5963 20324 
9174 22552 18899 1545 2584 -3783 3448 -8140 -10002 3916 -5028 -3609 463 -7484 -8151 5158 -15735 159 19479 1079 
-7908 4806 1445 -8569 6947 -17213 -10088 8871 -22728 4567 -2619 38016 455 66 918 -16047 14574 28607 -9200 -7814 
-2460 -18965 -16217 1560 1895 21664 -5545 24037 -6810 -2441 -769 14329 -10446 -10506 -16893 -22127 14687 4104 1824 -12331 
2826 -9357 -8645 -14023 -5455 -1421 -6697 33278 -17998 18592 -3017 -6210 3498 6108 -4673 -1928 22995 -5113 -2037 11584 
-7944 -2748 17095 14968 -7142 -6164 26374 -15523 6648 179 -19901 -7067 -14327 4530 15612 15186 -13651 -8581 5755 5712 
-4321 -3418 12034 -15887 10793 13904 -24829 32833 16775 -10640 2230 -4689 -17290 -10537 -17057 -16400 9714 -5007 7613 -23457 
-3549 -26053 -11573 -23986 -1180 19199 -5641 20284 14951 -2844 -4012 -2170 479 -9539 8545 -9234 17766 1207 -8187 -3843 
20556 38679 9192 2215 -29971 435 -16724 -255 3797 -27336 -3116 -10123 14864 7745 3488 654 -23014 -22411 6470 27905 
10951 3763 26986 -19105 -3616 1082 4879 2920 -1419 -930 -1036 -30185 13977 6946 8273 3751 -13942 -9346 1150 9214 
-1713 10129 18920 3953 7129 1313 -6435 -30800 30081 -18730 -10461 9150 -12188 1205 1051 2942 -22801 2435 9831 -4346 
-11457 -10741 -8572 -8579 -14939 17239 551 11550 -1910 15129 13615 -16117 -8795 18332 -7045 -1163 19248 1063 18091 18692 
